61.6482	179.895
63.4877	92.5231
65.3269	83.1898
67.1635	152.971
69.002	225.809
70.8401	282.96
72.6756	257.552
74.513	160.21
76.35	73.923
78.1866	56.9066
80.0208	34.9179
81.8567	63.0552
83.6923	101.876
85.5253	135.325
87.3602	165.615
89.1925	209.178
91.0267	262.194
92.8604	347.891
94.6917	471.607
96.5247	639.968
98.3574	883.782
100.188	1151.8
102.02	1450.04
103.849	1721.76
105.68	1896.8
107.509	1885.83
109.34	1617.64
111.168	1272.68
112.997	1006.59
114.827	813.585
116.654	710.322
118.483	653.83
120.309	638.324
122.137	606.573
123.962	549.478
125.79	500.259
127.615	458.366
129.439	428.148
131.265	374.286
133.089	298.727
134.915	232.086
136.738	182.188
138.562	164.994
140.385	138.765
142.207	119.617
144.03	101.715
145.852	86.8258
147.675	77.174
149.495	63.8721
151.316	73.3024
153.137	62.1401
154.957	55.209
156.776	44.3616
158.597	48.7068
160.415	63.9811
162.233	65.1878
164.053	66.2331
165.871	69.7554
167.688	62.777
169.506	51.0924
171.323	43.2864
173.139	42.6312
174.954	44.8217
176.772	31.876
178.586	35.6531
180.401	27.4343
182.215	35.4057
184.031	54.6776
185.844	51.7593
187.658	63.3989
189.47	59.5092
191.283	54.7015
193.097	51.5705
194.909	39.7122
196.72	23.7137
198.531	8.14032
200.342	3.42444
202.152	6.31458
203.962	3.69482
205.773	5.58649
207.583	8.65234
209.392	4.27112
211.2	-2.74091
213.008	6.00726
214.816	7.04865
216.624	5.06256
218.431	3.21484
220.237	2.31927
222.044	-0.420044
223.85	4.1333
225.656	0.811035
227.461	10.8751
229.268	8.33313
231.073	-5.44696
232.877	-12.4337
234.681	-9.23126
236.485	-0.897827
238.286	-7.17151
240.089	-15.6539
241.891	-3.63348
243.693	-11.128
245.495	-14.0235
247.297	-1.72583
249.098	-7.28204
250.899	-11.8016
252.699	-16.6887
254.499	-7.23749
256.299	-4.43597
258.098	8.4563
259.897	9.55444
261.694	12.4437
263.492	8.67383
265.29	22.6575
267.088	51.5413
268.885	59.0545
270.682	58.7495
272.479	60.2056
274.273	68.6191
276.069	69.6791
277.865	61.3958
279.66	59.9115
281.455	45.6852
283.247	57.5586
285.041	57.3812
286.835	50.9615
288.629	44.6686
290.42	50.2539
292.212	49.685
294.005	54.1885
295.797	43.8945
297.587	37.8115
299.378	26.1335
301.169	31.4309
302.958	23.574
304.748	24.0568
306.538	38.5811
308.326	23.8385
310.115	15.8864
311.904	19.1954
313.69	16.152
315.479	18.8385
317.267	18.032
319.052	9.96448
320.839	8.91486
322.624	-2.02606
324.411	-1.69922
326.197	17.0668
327.981	7.4928
329.766	6.89301
331.549	12.1502
333.334	20.1355
335.116	16.614
336.901	23.1947
338.682	17.3248
340.466	20.5936
342.247	12.4056
344.03	25.9677
345.81	21.4379
347.592	28.5009
349.372	12.6991
351.153	14.9046
352.932	18.6408
354.713	25.344
356.491	24.1956
358.271	28.3431
360.048	39.4567
361.826	32.0046
363.605	27.4331
365.381	45.8593
367.16	43.3267
368.935	31.8427
370.711	31.0082
372.488	56.7026
374.263	53.9521
376.038	66.873
377.814	79.7451
379.588	94.4755
381.361	114.072
383.136	97.6544
384.909	91.2565
386.682	70.8576
388.456	61.4813
390.228	44.9097
391.999	35.2785
393.77	28.5192
395.543	24.2266
397.313	16.9769
399.083	9.77972
400.853	8.54346
402.625	9.0788
404.394	4.06604
406.162	7.05792
407.931	9.80133
409.701	13.0791
411.468	6.89056
413.236	-2.72339
415.003	7.56848
416.769	2.61969
418.536	16.5593
420.302	14.2751
422.069	12.4705
423.835	6.59314
425.6	19.2642
427.364	22.3969
429.129	13.9316
430.893	15.1849
432.656	12.3484
434.419	13.9194
436.182	11.1262
437.945	7.08533
439.707	7.18872
441.471	22.7768
443.233	11.9862
444.994	18.2836
446.755	11.468
448.515	6.5824
450.276	2.81116
452.036	11.6646
453.795	13.7995
455.554	20.6331
457.311	23.601
459.07	14.2204
460.828	17.0719
462.586	30.7018
464.343	50.6495
466.101	82.4239
467.857	168.672
469.614	279.724
471.37	332.363
473.126	276.401
474.881	209.51
476.637	151.654
478.389	131.429
480.144	140.548
481.898	172.918
483.652	163.278
485.405	114.598
487.159	93.583
488.909	66.2038
490.662	42.1164
492.414	26.3336
494.166	32.3051
495.917	35.8288
497.666	30.8362
499.417	31.716
501.168	33.2793
502.918	27.5574
504.665	26.6228
506.415	23.8098
508.164	21.9045
509.911	22.4945
511.659	16.5703
513.407	19.2757
515.155	17.0411
516.901	19.8678
518.648	12.1275
520.395	2.36969
522.139	1.51489
523.885	0.27063
525.629	5.7699
527.374	1.4729
529.12	5.39246
530.862	-6.51465
532.607	-4.01215
534.351	-0.110229
536.093	11.6139
537.836	5.60614
539.577	-2.21417
541.32	0.643616
543.06	3.82819
544.803	-5.84448
546.542	16.9213
548.284	15.3276
550.023	21.3396
551.764	44.2509
553.502	56.9719
555.242	76.3287
556.98	99.5668
558.719	137.335
560.457	140.658
562.195	149.949
563.932	137.516
565.67	152.086
567.406	132.266
569.143	106.693
570.878	71.7111
572.613	48.5062
574.35	24.2587
576.084	22.5184
577.82	11.4952
579.553	14.1122
581.286	9.69476
583.021	16.347
584.754	9.65326
586.486	23.4243
588.22	34.3707
589.951	20.3445
591.682	25.2511
593.415	21.8851
595.146	19.8526
596.876	21.7007
598.606	28.7462
600.337	43.7457
602.066	27.0781
603.795	45.7001
605.524	62.0101
607.254	86.7263
608.982	112.509
610.71	164.705
612.437	255.936
614.164	327.197
615.892	379.3
617.618	434.327
619.344	497.975
621.07	581.641
622.795	713.504
624.52	803.573
626.247	812.402
627.971	722.782
629.695	537.165
631.419	390.133
633.142	263.09
634.865	187.184
636.588	138.598
638.31	120.315
640.032	103.018
641.753	66.5872
643.475	58.6657
645.196	65.3304
646.917	53.7902
648.637	28.7051
650.359	41.7
652.079	32.8906
653.798	39.6621
655.515	43.6298
657.234	46.5642
658.952	32.6694
660.67	38.5759
662.388	24.9301
664.105	10.5772
665.822	15.496
666.019	14.9106
667.74	19.6501
669.458	10.3378
671.178	9.9704
672.896	8.43311
674.615	-8.44073
676.333	4.95929
678.051	-5.48828
679.768	-11.2935
681.484	-5.07562
683.202	4.63885
684.917	2.7934
686.634	14.3622
688.349	14.4074
690.064	5.7522
691.78	14.1844
693.494	9.5946
695.207	4.78094
696.922	9.64795
698.635	5.83856
700.348	24.4901
702.062	37.1232
703.774	27.0276
705.486	31.4365
707.199	22.0521
708.91	22.3157
710.62	18.1246
712.333	14.7743
714.043	15.6246
715.752	16.6131
717.462	28.136
719.173	20.8803
720.881	22.9447
722.59	45.0916
724.298	30.209
726.007	25.5096
727.715	20.2252
729.422	20.645
731.129	23.9557
732.835	32.9837
734.541	36.3071
736.249	29.9575
737.954	34.2358
739.659	33.7412
741.364	28.9025
743.069	32.9057
744.773	57.3118
746.477	51.5009
748.182	57.9605
749.885	88.9293
751.588	75.0209
753.291	82.3615
754.993	70.8121
756.695	66.5694
758.397	62.7261
760.098	70.1372
761.799	56.4955
763.499	63.9086
765.2	69.4467
766.9	50.479
768.599	66.5534
770.299	73.1339
771.998	76.6336
773.696	54.4208
775.395	82.1558
777.093	103.36
778.791	122.577
780.488	129.037
782.185	122.514
783.882	127.531
785.578	140.287
787.274	120.143
788.97	118.39
790.666	103.305
792.359	75.8691
794.054	78.4659
795.748	80.456
797.443	73.5441
799.137	49.9668
800.83	35.6752
802.523	19.7442
804.214	39.296
805.907	36.8748
807.599	19.7982
809.291	34.4978
810.983	33.5673
812.674	31.4587
814.363	20.359
816.054	15.8323
817.745	15.3848
819.435	19.8818
821.122	16.7206
822.812	14.6101
824.501	3.05548
826.19	20.278
827.876	18.6709
829.565	27.4772
831.253	17.9509
832.938	21.1167
834.625	11.4802
836.312	16.9928
837.999	6.58704
839.683	10.8483
841.369	23.6992
843.053	10.2377
844.738	18.8208
846.423	14.1917
848.106	25.9582
849.79	16.5295
851.474	21.4662
853.156	15.4172
854.84	29.358
856.521	10.5868
858.203	14.899
859.886	12.8517
861.566	13.7435
863.248	19.6324
864.928	24.9104
866.609	29.7154
868.288	37.3054
869.968	36.5875
871.647	36.7555
873.327	43.785
875.004	41.5909
876.684	52.8925
878.361	53.3812
880.039	41.4225
881.716	47.9448
883.394	43.8181
885.07	49.1783
886.745	40.0038
888.422	40.6274
890.097	31.3825
891.774	28.1446
893.448	17.657
895.122	19.88
896.798	20.6606
898.471	27.2271
900.146	14.4905
901.819	18.4431
903.491	-4.49231
905.165	22.0128
906.837	26.2379
908.508	7.01483
910.181	12.1715
911.852	12.1893
913.522	3.31396
915.195	14.7094
916.864	6.54938
918.534	35.3759
920.203	12.4565
921.874	24.8272
923.543	21.3524
925.211	14.216
926.879	15.8677
928.549	20.0172
930.216	28.5285
931.883	16.6002
933.55	24.8304
935.216	23.6026
936.884	29.7571
938.55	17.0267
940.216	11.3806
941.881	14.2075
943.546	15.6527
945.21	16.7547
946.875	19.2947
948.54	8.69586
950.204	13.2661
951.867	31.0603
953.53	15.5706
955.193	7.40643
956.856	26.9298
958.518	23.2948
960.179	28.6985
961.841	33.7222
963.502	41.5743
965.163	29.0618
966.823	31.881
968.484	26.34
970.144	26.6018
971.803	32.2379
973.463	26.8104
975.122	25.4092
976.78	29.8264
978.439	26.1284
980.097	48.2431
981.754	42.0683
983.412	78.6664
985.069	75.9185
986.726	104.024
988.382	119.098
990.039	147.73
991.695	155.804
993.35	207.461
995.005	252.731
996.659	314.09
998.313	321.053
999.968	311.277
1001.62	274.52
1003.28	234.621
1004.93	196.35
1006.58	153.735
1008.23	128.907
1009.89	102.148
1011.54	96.6402
1013.19	78.9935
1014.84	69.9647
1016.49	83.2936
1018.14	96.7578
1019.79	103.588
1021.44	130.835
1023.09	163.691
1024.74	185.491
1026.39	240.34
1028.04	306.54
1029.69	371.471
1031.33	456.947
1032.98	540.153
1034.63	640.242
1036.28	699.712
1037.92	750.065
1039.57	740.624
1041.22	659.055
1042.86	535.236
1044.51	428.834
1046.15	340.777
1047.8	253.155
1049.44	199.352
1051.09	165.138
1052.73	130.445
1054.37	95.0891
1056.01	69.3154
1057.66	67.7888
1059.3	41.4599
1060.94	29.0126
1062.59	40.3295
1064.23	39.7989
1065.87	27.2654
1067.51	15.848
1069.15	21.0858
1070.79	17.482
1072.43	8.80225
1074.07	7.2605
1075.71	9.19177
1077.35	3.20502
1078.98	8.59558
1080.62	17.7029
1082.26	4.39746
1083.9	-2.9101
1085.54	-6.70605
1087.18	-2.06226
1088.81	7.36005
1090.45	3.32916
1092.08	16.8854
1093.72	6.28986
1095.35	-1.21808
1096.99	15.9945
1098.62	18.6008
1100.26	19.1326
1101.89	13.6019
1103.53	11.8675
1105.16	16.0511
1106.79	22.7025
1108.43	31.3117
1110.06	47.3241
1111.69	49.0259
1113.32	53.1887
1114.96	57.8853
1116.59	71.8107
1118.22	72.6396
1119.85	82.6176
1121.48	72.3452
1123.11	72.5911
1124.74	73.0887
1126.37	63.7833
1128	50.2857
1129.63	36.028
1131.25	41.9866
1132.88	24.9792
1134.51	13.4004
1136.14	7.68561
1137.77	9.89233
1139.39	1.31824
1141.02	-4.10535
1142.64	-3.68805
1144.27	-0.641296
1145.9	-4.36426
1147.52	-17.0394
1149.15	-19.5205
1150.77	-14.5367
1152.4	-21.1174
1154.02	-17.0599
1155.64	-16.1628
1157.27	-11.5713
1158.89	-30.4284
1160.51	-23.8679
1162.14	-12.5322
1163.76	-11.4352
1165.38	-23.172
1167	-22.4014
1168.62	-23.4048
1170.24	-23.8099
1171.86	-21.9919
1173.48	-24.9229
1175.1	-17.4469
1176.72	-13.7684
1178.34	-18.6017
1179.96	-28.5303
1181.58	-28.6107
1183.2	-28.2237
1184.82	-18.8987
1186.43	-18.9883
1188.05	-9.33459
1189.67	-11.5978
1191.29	-13.1025
1192.9	-8.87317
1194.52	-24.2318
1196.13	-34.4234
1197.75	-29.1086
1199.36	-14.7153
1200.98	-10.0797
1202.59	-12.9375
1204.21	1.64722
1205.82	1.00793
1207.44	-1.9845
1209.05	-0.80719
1210.66	-3.28461
1212.27	1.3299
1213.89	-9.32965
1215.5	-1.09637
1217.11	5.41779
1218.72	-7.35162
1220.33	-2.2196
1221.95	-11.9179
1223.56	0.111877
1225.17	13.8147
1226.78	7.26373
1228.39	-0.717773
1230	3.44397
1231.6	-6.50073
1233.21	-6.4353
1234.82	-2.49176
1235.39	-0.448303
1237	-19.4575
1238.61	-14.6894
1240.22	-11.7151
1241.84	-13.4943
1243.45	-0.990784
1245.05	-18.3317
1246.66	-36.262
1248.27	-32.6124
1249.88	-18.8171
1251.49	-24.4054
1253.1	-22.8822
1254.7	-11.7698
1256.31	-13.2701
1257.92	-22.2018
1259.53	-23.9068
1261.13	-8.7652
1262.74	-12.0627
1264.34	-3.01263
1265.95	-1.09137
1267.55	-3.42047
1269.16	0.332581
1270.76	-11.5316
1272.37	-3.45074
1273.97	16.3318
1275.57	18.7484
1277.18	16.3617
1278.78	26.3832
1280.38	35.2104
1281.98	37.7142
1283.59	43.8381
1285.19	53.34
1286.79	41.6047
1288.39	40.2997
1289.99	35.4612
1291.59	30.9468
1293.19	28.8885
1294.79	28.7186
1296.39	33.1336
1297.99	18.6644
1299.59	14.1132
1301.19	20.2533
1302.78	24.2585
1304.38	38.2303
1305.98	27.5771
1307.58	27.506
1309.18	24.6232
1310.77	33.0085
1312.37	19.6187
1313.96	23.2654
1315.56	17.4879
1317.16	19.644
1318.75	13.0218
1320.35	12.6953
1321.94	9.44318
1323.54	5.16614
1325.13	20.0482
1326.72	8.14325
1328.32	5.17798
1329.91	7.89423
1331.5	11.8943
1333.09	23.1138
1334.69	11.1624
1336.28	26.402
1337.87	10.1318
1339.46	31.6962
1341.05	24.509
1342.64	32.4969
1344.23	24.8493
1345.82	22.2415
1347.41	24.774
1349	28.6259
1350.59	32.7564
1352.18	46.6833
1353.77	48.1078
1355.36	52.6104
1356.94	58.8745
1358.53	70.5063
1360.12	50.3032
1361.71	63.1021
1363.29	80.4018
1364.88	63.1021
1366.46	81.0983
1368.05	74.8214
1369.63	71.0679
1371.22	75.0621
1372.8	81.8107
1374.39	96.0311
1375.97	94.4336
1377.56	109.236
1379.14	117.188
1380.73	122.892
1382.31	138.476
1383.89	144.651
1385.47	157.167
1387.05	167.385
1388.64	182.112
1390.22	192.717
1391.8	225.416
1393.38	249.013
1394.96	266.82
1396.54	299.82
1398.12	331.692
1399.7	351.151
1401.28	390.479
1402.86	424.979
1404.44	437.184
1406.02	476.873
1407.59	510.073
1409.17	523.631
1410.75	532.076
1412.33	525.035
1413.9	524.227
1415.48	519.468
1417.06	503.412
1418.63	491.424
1420.21	450.665
1421.78	429.242
1423.36	405.829
1424.93	379.649
1426.51	363.879
1428.08	328.227
1429.66	316.159
1431.23	297.166
1432.8	283.357
1434.38	275.042
1435.95	254.298
1437.52	222.673
1439.09	189.857
1440.67	169.041
1442.24	163.285
1443.81	138.811
1445.38	128.477
1446.95	128.455
1448.52	117.324
1450.09	94.1963
1451.66	89.9918
1453.23	99.6281
1454.8	87.6096
1456.37	81.9255
1457.94	64.3604
1459.5	54.1859
1461.07	52.1731
1462.64	49.335
1464.21	48.1227
1465.77	61.8172
1467.34	70.6277
1468.91	85.0724
1470.47	81.1845
1472.04	99.7263
1473.6	123.13
1475.17	131.203
1476.73	148.544
1478.3	182.177
1479.86	198.863
1481.43	231.818
1482.99	284.611
1484.56	308.195
1486.12	339.063
1487.68	373.976
1489.24	406.938
1490.81	443.332
1492.37	454.58
1493.93	502.265
1495.49	539.532
1497.05	554.693
1498.61	571.998
1500.17	565.228
1501.73	539.49
1503.29	515.557
1504.85	473.984
1506.41	438.968
1507.97	398.855
1509.53	354.254
1511.09	319.92
1512.65	286.159
1514.2	243.744
1515.76	213.323
1517.32	170.277
1518.88	147.267
1520.43	133.774
1521.99	102.502
1523.54	72.4227
1525.1	65.9778
1526.65	63.0411
1528.21	36.472
1529.76	40.8139
1531.32	39.8687
1532.87	15.4498
1534.43	25.1608
1535.98	30.5053
1537.53	32.4608
1539.09	15.8364
1540.64	5.97839
1542.19	9.59149
1543.75	9.83698
1545.3	20.1007
1546.85	6.67047
1548.4	18.406
1549.95	21.0164
1551.5	12.6887
1553.05	1.70978
1554.6	1.10187
1556.15	23.6484
1557.7	22.7914
1559.25	14.1191
1560.8	25.2087
1562.35	28.4308
1563.9	18.4326
1565.44	31.6538
1566.99	29.0255
1568.54	31.3152
1570.09	47.4564
1571.63	55.0464
1573.18	66.8124
1574.73	67.2323
1576.27	88.5895
1577.82	98.734
1579.36	91.7114
1580.91	134.565
1582.45	151.662
1584	174.27
1585.54	210.322
1587.09	247.304
1588.63	279.612
1590.17	281.144
1591.72	287.3
1593.26	300.155
1594.8	289.686
1596.34	272.249
1597.89	241.827
1599.43	210.233
1600.97	171.272
1602.51	148.607
1604.05	122.642
1605.59	118.327
1607.13	102.829
1608.67	94.1686
1610.21	82.9028
1611.75	81.0724
1613.29	82.4864
1614.83	75.6957
1616.37	74.3207
1617.9	80.6302
1619.44	83.8722
1620.98	97.049
1622.52	108.454
1624.05	112.203
1625.59	137.17
1627.13	157.697
1628.66	186.147
1630.2	197.397
1631.73	232.271
1633.27	275.907
1634.8	325.011
1636.34	370.796
1637.87	453.369
1639.41	523.166
1640.94	587.298
1642.47	659.871
1644.01	710.034
1645.54	737.882
1647.07	764.155
1648.61	763.454
1650.14	733.998
1651.67	697.825
1653.2	630.444
1654.73	531.46
1656.26	465.463
1657.79	376.561
1659.32	321.767
1660.85	301.795
1662.38	260.166
1663.91	217.304
1665.44	207.753
1666.97	176.784
1668.5	158.895
1670.03	160.983
1671.55	133.759
1673.08	131.502
1674.61	119.619
1676.14	109.235
1677.66	103.248
1679.19	94.8202
1680.72	112.178
1682.24	115.37
1683.77	111.576
1685.29	95.5151
1686.82	73.4084
1688.34	89.8509
1689.87	86.0939
1691.39	74.7074
1692.91	84.6898
1694.44	67.84
1695.96	71.6888
1697.48	62.3603
1699.01	55.1158
1700.53	46.9313
1702.05	34.9224
1703.57	39.0416
1705.1	30.3477
1706.62	40.8153
1708.14	38.994
1709.66	31.7103
1711.18	22.5089
1712.7	36.8708
1714.22	26.82
1715.74	25.9644
1717.26	13.8555
1718.78	25.0836
1720.3	21.5391
1721.81	22.9522
1723.33	20.3997
1724.85	7.17773
1726.37	7.13153
1727.89	14.449
1729.4	3.45905
1730.92	7.54858
1732.44	10.8667
1733.95	9.42426
1735.47	4.08844
1736.98	3.94647
1738.5	10.0898
1740.01	11.3667
1741.53	-0.663757
1743.04	1.40668
1744.56	17.4647
1746.07	3.71173
1747.58	1.43634
1749.1	7.7796
1750.61	4.65344
1752.12	-6.77551
1753.64	-9.15814
1755.15	0.323914
1756.66	6.33881
1758.17	-0.360046
1759.68	-15.0385
1761.19	-9.98389
1762.71	-6.34009
1764.22	3.0495
1765.73	-1.56561
1767.24	-0.474304
1768.67	-8.30768
1770.19	3.06921
1771.7	11.0306
1773.21	-10.1196
1774.72	-12.227
1776.23	-18.0401
1777.74	-1.31525
1779.25	4.32617
1780.76	1.0014
1782.27	2.52869
1783.78	0.44519
1785.29	13.4254
1786.8	3.45374
1788.31	6.78876
1789.82	1.11475
1791.33	2.82373
1792.84	-5.21527
1794.34	8.71545
1795.85	-0.491455
1797.36	-2.01147
1798.86	-16.9765
1800.37	-5.43005
1801.88	2.86346
1803.38	-16.86
1804.89	8.33588
1806.39	-18.8511
1807.9	3.85547
1809.4	-9.15656
1810.91	-2.3858
1812.41	-16.2267
1813.92	5.65613
1815.42	-5.03961
1816.92	-13.7816
1818.43	1.4552
1819.93	21.7136
1821.43	-1.24927
1822.93	-14.2912
1824.44	14.8078
1825.94	4.97394
1827.44	-0.989502
1828.94	8.6145
1830.44	13.2293
1831.94	0.842529
1833.44	16.0308
1834.94	4.16577
1836.44	4.74786
1837.94	-1.73309
1839.44	5.84735
1840.94	1.72571
1842.44	6.70233
1843.94	-0.932495
1845.44	-3.01306
1846.93	20.3378
1848.43	-12.707
1849.93	-3.01306
1851.43	14.5077
1852.92	-10.2732
1854.42	0.805359
1855.92	-5.44659
1857.41	-8.55975
1858.91	14.9694
1860.4	-8.27002
1861.9	-10.5343
1863.39	0.132263
1864.89	-7.02832
1866.38	-1.95654
1867.88	-9.70337
1869.37	4.0094
1870.86	-9.95465
1872.36	-4.18634
1873.85	2.53662
1875.34	4.50562
1876.83	-13.5579
1878.33	-5.59467
1879.82	1.80737
1881.31	2.40186
1882.8	-11.7982
1884.29	-10.358
1885.78	6.23547
1887.27	-7.67096
1888.76	-4.44403
1890.25	6.95807
1891.74	-5.20355
1893.23	-12.8798
1894.72	-4.41479
1896.21	-4.39563
1897.7	-3.72021
1899.18	-3.0105
1900.67	2.77032
1902.16	-9.42938
1903.65	-3.09454
1905.13	-3.25128
1906.62	-13.7697
1908.11	-11.4534
1909.59	-4.17041
1911.08	-4.60962
1912.56	7.09491
1914.05	4.53442
1915.53	-3.62482
1917.02	4.30188
1918.5	-8.45355
1919.99	-9.70056
1921.47	4.21722
1922.96	9.19586
1924.44	3.74567
1925.92	-1.1228
1927.41	8.48273
1928.89	13.9324
1930.37	6.22595
1931.85	-3.53101
1933.33	-13.0262
1934.82	-15.9767
1936.3	7.44489
1937.78	12.3355
1939.26	-2.26398
1940.74	2.31122
1942.22	15.6379
1943.7	5.26178
1945.18	-5.48541
1946.66	-6.93542
1948.14	-8.88617
1949.62	-16.4843
1951.09	-8.35626
1952.57	-3.48962
1954.05	-10.7518
1955.53	-1.82965
1957.01	0.498901
1958.48	11.0195
1959.96	7.79419
1961.44	-0.317322
1962.91	6.40692
1964.39	8.56201
1965.86	8.63715
1967.34	11.9372
1968.81	-1.80621
1970.29	-10.0559
1971.76	2.06012
1973.24	3.8078
1974.71	0.231384
1976.19	-5.74329
1977.66	-17.4304
1979.13	-10.058
1980.61	-3.10565
1982.08	-6.80859
1983.55	-6.27612
1985.02	3.70392
1986.5	18.2283
1987.97	10.5738
1989.44	6.05237
1990.91	3.14258
1992.38	6.94513
1993.85	3.81787
1995.32	1.34387
1996.79	16.0742
1998.26	6.18604
1999.73	1.84015
2001.2	5.41479
2002.67	-0.0389404
2004.14	4.1264
2005.61	4.37939
2007.07	3.72498
2008.54	1.76965
2010.01	4.55682
2011.48	3.16272
2012.94	-3.17767
2014.41	1.23395
2015.88	-9.01306
2017.34	-9.61615
2018.81	-5.17529
2020.27	-5.23438
2021.74	-8.06335
2023.21	-1.48578
2024.67	-13.0764
2026.13	-8.02966
2027.6	2.44641
2029.06	-10.163
2030.53	-6.06213
2031.99	-4.37347
2033.45	-3.56757
2034.91	5.77502
2036.38	5.35681
2037.84	10.0547
2039.3	-4.17499
2040.77	-4.90826
2042.23	-7.56598
2043.69	-2.09192
2045.15	-1.34894
2046.61	8.21185
2048.07	4.12524
2049.53	1.71405
2050.99	8.66357
2052.45	1.9234
2053.91	9.23383
2055.37	17.0901
2056.83	0.496704
2058.29	-1.97101
2059.74	8.81244
2061.2	1.37494
2062.66	-4.89636
2064.12	0.655762
2065.57	8.35577
2067.03	8.46484
2068.49	0.995117
2069.95	1.63776
2071.4	-0.0262451
2072.86	-7.70331
2074.31	12.7319
2075.77	8.08911
2077.22	11.4452
2078.68	1.7345
2080.13	-2.48413
2081.59	0.55835
2083.04	-0.61731
2084.49	-0.295227
2085.95	1.87225
2087.4	4.98975
2088.85	1.03326
2090.31	-3.63422
2091.76	-3.77142
2093.21	-1.78204
2094.66	9.1452
2096.11	12.3201
2097.57	2.12488
2099.02	-3.49988
2100.47	10.2439
2101.92	8.38977
2103.37	-1.64612
2104.82	-7.58344
2106.27	6.78906
2107.72	0.30957
2109.17	-2.52405
2110.62	1.1402
2112.07	6.08215
2113.51	20.757
2114.96	9.29218
2116.41	9.7298
2117.86	4.20715
2119.31	7.58276
2120.75	14.1284
2122.2	9.44531
2123.65	2.72559
2125.09	11.7074
2126.54	6.76123
2127.98	4.64648
2129.43	10.0101
2130.88	6.76538
2132.32	6.75153
2133.76	-3.95935
2135.21	-11.5198
2136.65	2.18359
2138.1	4.19067
2139.54	4.88824
2140.98	7.15125
2142.43	0.908813
2143.87	16.8699
2145.31	10.5367
2146.75	22.0425
2148.2	13.4312
2149.64	10.0846
2151.08	18.6126
2152.52	18.61
2153.96	8.99548
2155.4	10.1094
2156.84	20.2302
2158.28	17.442
2159.72	18.5372
2161.16	15.9662
2162.6	11.7578
2164.04	10.2764
2165.48	10.9274
2166.92	18.3552
2168.36	23.8783
2169.8	12.8065
2171.23	0.804993
2172.67	13.0317
2174.11	24.0325
2175.55	11.6465
2176.98	13.1012
2178.42	10.9427
2179.86	4.24255
2181.29	7.4585
2182.73	0.18042
2184.16	4.10889
2185.6	19.0281
2187.03	30.0297
2188.47	15.9724
2189.9	15.6391
2191.34	22.2667
2192.77	13.5995
2194.2	10.3475
2195.64	6.82849
2197.07	8.54956
2198.5	21.0323
2199.94	27.0807
2201.37	14.9318
2202.8	28.9293
2204.23	33.1268
2205.66	15.4017
2207.09	9.35614
2208.53	7.47754
2209.96	22.2084
2211.39	23.8315
2212.82	23.9745
2214.25	32.9944
2215.68	26.4659
2217.11	19.2675
2218.53	13.7503
2219.96	19.3475
2221.39	7.06659
2222.82	8.53607
2224.25	14.2993
2225.68	7.81262
2227.1	2.56567
2228.53	-2.69482
2229.96	-0.524597
2231.39	11.7089
2232.81	6.03375
2234.24	-1.4035
2235.66	0.602905
2237.09	8.15631
2238.52	17.6485
2239.94	16.5909
2241.37	11.5612
2242.79	8.62714
2244.21	12.0029
2245.64	10.5327
2247.06	6.7345
2248.49	10.1234
2249.91	20.8403
2251.33	15.2311
2252.76	-1.57806
2254.18	4.4408
2255.6	10.9545
2257.02	0.738647
2258.45	-18.1075
2259.87	-9.57703
2261.29	-3.38843
2262.71	-8.38947
2264.13	-3.50677
2265.55	8.51276
2266.97	6.40198
2267.86	-5.52881
2269.28	8.52051
2270.7	18.335
2272.13	3.95313
2273.55	-3.2099
2274.97	-5.01208
2276.39	5.51288
2277.81	2.42853
2279.23	-2.63098
2280.65	0.535645
2282.07	-22.6516
2283.49	2.16467
2284.91	-6.68738
2286.33	4.77142
2287.75	10.1111
2289.17	-4.51489
2290.59	-16.1064
2292.01	23.032
2293.43	0.494446
2294.84	4.12445
2296.26	-2.70227
2297.68	2.93335
2299.1	2.61499
2300.51	3.16968
2301.93	1.25256
2303.35	21.7809
2304.76	23.6971
2306.18	9.96429
2307.59	13.6572
2309.01	8.33276
2310.42	19.6012
2311.84	18.4863
2313.25	9.29047
2314.67	8.24524
2316.08	5.28247
2317.5	14.9341
2318.91	-0.124146
2320.32	1.37469
2321.74	14.5532
2323.15	-0.405579
2324.56	6.56946
2325.97	0.900391
2327.39	9.42761
2328.8	-2.29785
2330.21	24.1943
2331.62	17.7
2333.03	12.0041
2334.44	0.473206
2335.85	0.582336
2337.26	9.5484
2338.67	-15.3724
2340.08	6.66071
2341.49	-6.76514
2342.9	9.19373
2344.31	-3.43561
2345.72	-0.474121
2347.13	-0.688843
2348.53	2.78052
2349.94	11.5682
2351.35	20.2156
2352.76	11.1397
2354.16	8.44745
2355.57	-15.2462
2356.98	4.46826
2358.39	-12.0593
2359.79	1.75537
2361.2	14.0259
2362.6	14.4209
2364.01	7.97705
2365.41	-13.3884
2366.82	-2.56421
2368.22	-4.19385
2369.63	-11.9884
2371.03	-7.76959
2372.43	9.42816
2373.84	7.7356
2375.24	0.776855
2376.65	-13.808
2378.05	-0.194214
2379.45	-2.72961
2380.85	-8.14557
2382.25	2.1626
2383.66	7.87512
2385.06	0.337891
2386.46	7.74304
2387.86	-4.76495
2389.26	12.7558
2390.66	0.473145
2392.06	7.34045
2393.46	9.0719
2394.86	7.44391
2396.26	0.0255127
2397.66	1.91205
2399.06	5.54761
2400.46	7.0011
2401.86	10.7626
2403.26	-1.02179
2404.65	8.99017
2406.05	6.41211
2407.45	5.43353
2408.85	1.86945
2410.24	-3.84888
2411.64	13.231
2413.04	2.23187
2414.43	11.0762
2415.83	9.93811
2417.23	12.613
2418.62	2.07349
2420.02	18.4567
2421.41	-1.65265
2422.81	15.8652
2424.2	15.4343
2425.59	11.8721
2426.99	10.3295
2428.38	11.2535
2429.78	7.64746
2431.17	12.8807
2432.56	11.2151
2433.95	17.5374
2435.35	21.6671
2436.74	20.6671
2438.13	20.6613
2439.52	21.863
2440.91	-7.14484
2442.31	6.19385
2443.7	29.1526
2445.09	21.7145
2446.48	17.4
2447.87	12.1373
2449.26	23.0858
2450.65	19.8989
2452.04	19.9277
2453.43	21.7956
2454.82	9.06232
2456.2	21.3398
2457.59	15.7742
2458.98	11.0129
2460.37	4.51996
2461.76	17.1587
2463.14	14.9601
2464.53	18.931
2465.92	-1.75995
2467.31	18.2217
2468.69	20.8365
2470.08	12.8908
2471.46	13.47
2472.85	4.90863
2474.23	18.4487
2475.62	10.3669
2477	19.3806
2478.39	16.3948
2479.77	12.6854
2481.16	15.2123
2482.54	9.33417
2483.93	17.7025
2485.31	14.6633
2486.69	5.09241
2488.08	-3.81451
2489.46	11.6698
2490.84	8.39398
2492.22	5.79639
2493.6	12.4087
2494.99	10.9795
2496.37	19.3976
2497.75	13.6655
2499.13	5.22687
2500.51	0.253845
2501.89	7.89832
2503.27	12.6428
2504.65	17.6501
2506.03	2.76807
2507.41	11.2117
2508.79	11.014
2510.17	3.95667
2511.55	6.6972
2512.93	6.20923
2514.3	0.721069
2515.68	0.132751
2517.06	8.50946
2518.44	9.10095
2519.82	16.0884
2521.19	6.37939
2522.57	12.257
2523.95	23.5665
2525.32	24.9623
2526.7	22.449
2528.07	8.21729
2529.45	15.2681
2530.82	10.3038
2532.2	5.03436
2533.57	-6.36115
2534.95	3.29663
2536.32	2.21735
2537.7	-1.54938
2539.07	10.9936
2540.44	0.729187
2541.82	6.4646
2543.19	13.0175
2544.56	13.7914
2545.94	10.6461
2547.31	5.82043
2548.68	13.8875
2550.05	7.37177
2551.42	-2.74799
2552.8	6.49634
2554.17	-2.56683
2555.54	-7.17932
2556.91	-9.17529
2558.28	-2.14264
2559.65	8.26691
2561.02	-2.79846
2562.39	-7.81158
2563.76	11.662
2565.13	13.4205
2566.5	4.5733
2567.86	2.51318
2569.23	1.67065
2570.6	-0.29248
2571.97	2.1651
2573.34	9.15546
2574.7	23.3018
2576.07	8.52014
2577.44	10.0241
2578.8	8.40051
2580.17	3.42401
2581.54	0.0913696
2582.9	-2.20459
2584.27	11.5745
2585.63	15.6393
2587	-4.03699
2588.36	2.38342
2589.73	0.723328
2591.09	6.41626
2592.46	1.03967
2593.82	2.38159
2595.19	-0.132629
2596.55	-6.79431
2597.91	-0.619019
2599.27	-8.61932
2600.64	2.23633
2602	-0.279358
2603.36	14.7296
2604.72	11.801
2606.09	7.06567
2607.45	7.42108
2608.81	7.638
2610.17	-6.93518
2611.53	9.13879
2612.89	9.4502
2614.25	2.8833
2615.61	9.33606
2616.97	2.11829
2618.33	4.62689
2619.69	10.8514
2621.05	17.247
2622.41	17.2457
2623.77	13.3022
2625.13	4.17432
2626.48	10.6159
2627.84	17.2866
2629.2	10.2653
2630.56	6.06958
2631.91	27.2173
2633.27	12.4501
2634.63	12.4645
2635.98	2.84387
2637.34	-8.12329
2638.7	-4.98151
2640.05	12.0929
2641.41	23.218
2642.76	8.52594
2644.12	10.4799
2645.47	12.5055
2646.83	8.9162
2648.18	-1.68268
2649.54	-1.69592
2650.89	17.5947
2652.24	10.917
2653.6	8.61304
2654.95	13.1426
2656.3	10.3611
2657.65	3.69946
2659.01	4.46497
2660.36	2.71967
2661.71	5.95215
2663.06	11.0197
2664.41	19.1724
2665.77	12.3097
2667.12	12.6597
2668.47	4.42084
2669.82	4.51508
2671.17	8.17987
2672.52	4.53107
2673.87	6.9776
2675.22	4.33496
2676.56	-1.45911
2677.91	9.22461
2679.26	7.57166
2680.61	-2.38141
2681.96	3.43347
2683.31	7.64282
2684.66	18.825
2686	22.7082
2687.35	15.7715
2688.7	9.15332
2690.04	11.1465
2691.39	13.5486
2692.74	12.1366
2694.08	10.4122
2695.43	2.72552
2696.77	2.26288
2698.12	1.94214
2699.46	6.33942
2700.81	18.3281
2702.16	19.2491
2703.5	8.50476
2704.84	6.45221
2706.19	5.24677
2707.53	7.03876
2708.87	6.21735
2710.22	-1.00342
2711.56	8.46216
2712.9	18.512
2714.25	18.0338
2715.59	15.6218
2716.93	9.25592
2718.27	14.415
2719.61	7.55768
2720.95	-5.83295
2722.3	-0.125732
2723.64	-5.54663
2724.98	-1.26721
2726.32	4.79114
2727.66	-3.26813
2729	0.666504
2730.34	2.76953
2731.68	3.32666
2733.02	18.0369
2734.35	21.33
2735.69	13.1008
2736.38	9.14783
2737.72	12.683
2739.06	0.220032
2740.4	12.4312
2741.74	0.926086
2743.08	-4.38721
2744.42	16.2338
2745.76	10.5782
2747.1	26.9718
2748.44	16.1573
2749.78	26.951
2751.12	12.886
2752.45	6.69574
2753.79	6.22992
2755.13	8.87549
2756.47	19.2556
2757.81	3.96991
2759.14	30.0915
2760.48	25.2234
2761.82	21.0413
2763.15	18.9701
2764.49	15.5641
2765.83	19.4889
2767.16	21.9366
2768.5	19.4673
2769.83	21.4435
2771.17	32.4034
2772.5	38.6722
2773.84	16.9874
2775.17	28.7817
2776.51	32.8867
2777.84	29.9363
2779.17	28.0437
2780.51	34.2335
2781.84	24.3649
2783.17	38.7455
2784.5	24.3007
2785.84	40.4929
2787.17	45.0094
2788.5	24.7938
2789.83	39.814
2791.16	38.2051
2792.5	37.7325
2793.83	32.3268
2795.16	32.2184
2796.49	43.1639
2797.82	41.2235
2799.15	32.2852
2800.48	49.9518
2801.81	33.7532
2803.14	46.55
2804.47	48.9991
2805.79	55.0089
2807.12	51.9753
2808.45	30.7847
2809.78	39.024
2811.11	43.493
2812.44	53.0227
2813.76	55.3447
2815.09	43.8186
2816.42	35.7957
2817.74	37.7972
2819.07	27.0615
2820.4	49.1787
2821.72	30.0955
2823.05	38.3054
2824.38	37.9689
2825.7	22.1536
2827.03	30.9005
2828.35	35.8038
2829.67	35.1164
2831	37.065
2832.32	13.5801
2833.65	27.3202
2834.97	34.7657
2836.3	32.8889
2837.62	18.0399
2838.94	13.1011
2840.26	10.8599
2841.59	22.2933
2842.91	32.8369
2844.23	17.6713
2845.55	8.59894
2846.88	25.9709
2848.2	26.0534
2849.52	18.6345
2850.84	28.0938
2852.16	24.7664
2853.48	23.6226
2854.8	24.1679
2856.12	27.9985
2857.44	17.5829
2858.76	11.9352
2860.08	12.0765
2861.4	13.0616
2862.72	15.005
2864.03	19.9291
2865.35	13.9742
2866.67	17.5715
2867.99	11.5863
2869.31	13.2009
2870.63	15.5023
2871.94	5.8075
2873.26	14.0938
2874.58	24.4696
2875.89	22.4206
2877.21	10.6122
2878.52	15.3427
2879.84	8.01318
2881.16	11.9885
2882.47	10.7513
2883.79	19.3483
2885.1	18.1716
2886.42	16.2218
2887.73	13.1425
2889.05	11.7333
2890.36	18.9234
2891.67	18.3704
2892.99	15.6157
2894.3	28.0725
2895.61	39.855
2896.93	24.4885
2898.24	19.1883
2899.55	35.568
2900.86	21.5942
2902.18	28.6485
2903.49	26.8624
2904.8	21.614
2906.11	25.1505
2907.42	16.2369
2908.73	21.0559
2910.04	20.9349
2911.35	13.3813
2912.66	5.95776
2913.97	18.646
2915.28	11.8743
2916.59	24.4122
2917.9	23.3658
2919.21	22.955
2920.52	18.5032
2921.83	27.1126
2923.13	28.119
2924.44	26.9879
2925.75	29.7729
2927.06	14.8766
2928.37	13.8248
2929.67	27.6802
2930.98	21.9099
2932.29	17.2276
2933.59	29.0286
2934.9	26.9424
2936.2	20.795
2937.51	23.2258
2938.82	29.9818
2940.12	26.9811
2941.43	25.4174
2942.73	34.4575
2944.04	30.2225
2945.34	32.1017
2946.64	39.0476
2947.95	30.5842
2949.25	28.256
2950.55	33.8107
2951.86	31.1207
2953.16	38.7845
2954.46	37.2869
2955.77	30.1152
2957.07	31.7722
2958.37	35.4872
2959.67	35.3619
2960.97	33.3741
2962.28	41.3362
2963.58	36.5098
2964.88	38.0262
2966.18	30.326
2967.48	32.6196
2968.78	28.2204
2970.08	33.7126
2971.38	34.5287
2972.68	43.5441
2973.98	41.4807
2975.28	43.3859
2976.58	40.3689
2977.87	42.0178
2979.17	45.8391
2980.47	46.9246
2981.77	46.8709
2983.07	57.0638
2984.36	45.0206
2985.66	51.6059
2986.96	58.4003
2988.26	52.2557
2989.55	51.8862
2990.85	59.6303
2992.15	50.5129
2993.44	44.5545
2994.74	50.6548
2996.03	53.2985
2997.33	50.2571
2998.62	54.6136
2999.92	52.654
3001.21	51.2059
3002.51	60.4984
3003.8	50.1317
3005.1	52.2717
3006.39	60.4954
3007.68	52.7792
3008.98	53.0657
3010.27	55.1064
3011.56	48.2494
3012.85	53.9734
3014.15	60.2554
3015.44	61.0997
3016.73	66.9932
3018.02	74.2679
3019.31	66.4479
3020.6	73.4902
3021.89	70.4797
3023.18	74.6344
3024.48	62.4847
3025.77	61.9509
3027.06	63.0553
3028.35	63.1116
3029.64	67.3909
3030.92	61.862
3032.21	53.2778
3033.5	57.7607
3034.79	54.2599
3036.08	50.0364
3037.37	53.8384
3038.66	57.999
3039.94	56.9507
3041.23	62.6199
3042.52	57.5078
3043.81	58.4031
3045.09	62.8206
3046.38	58.3182
3047.67	58.2286
3048.95	54.8239
3050.24	42.8842
3051.53	49.7477
3052.81	55.1816
3054.1	49.4535
3055.38	42.0479
3056.67	53.5512
3057.95	53.4709
3059.24	41.2709
3060.52	46.8828
3061.8	47.7261
3063.09	50.588
3064.37	52.4919
3065.65	42.3309
3066.94	42.2498
3068.22	43.6022
3069.5	41.8368
3070.79	49.8685
3072.07	49.1822
3073.35	51.098
3074.63	60.5192
3075.91	54.2625
3077.19	48.697
3078.48	45.3192
3079.76	47.9989
3081.04	51.751
3082.32	40.4271
3083.6	34.1717
3084.88	42.6564
3086.16	49.1285
3087.44	52.6097
3088.72	48.9269
3090	51.2675
3091.27	60.1123
3092.55	53.6395
3093.83	44.4594
3095.11	47.8276
3096.39	51.3912
3097.67	50.5364
3098.94	45.0989
3100.22	44.8372
3101.5	50.2416
3102.77	55.5934
3104.05	57.5491
3105.33	51.834
3106.6	52.3584
3107.88	46.4689
3109.16	45.1703
3110.43	48.0706
3111.71	46.0807
3112.98	53.3629
3114.26	52.9428
3115.53	40.7265
3116.81	43.3177
3118.08	48.1737
3119.35	49.6517
3120.63	46.589
3121.9	38.4258
3123.18	45.6619
3124.45	47.408
3125.72	45.9666
3126.99	56.7382
3128.26	55.0746
3129.54	52.8843
3130.81	61.1935
3132.08	61.1915
3133.35	54.6356
3134.63	55.2269
3135.9	53.7865
3137.17	54.0546
3138.44	57.4291
3139.71	61.5192
3140.98	59.2886
3142.25	51.9828
3143.52	54.8334
3144.79	58.2008
3146.06	64.1832
3147.33	55.5128
3148.59	59.8123
3149.86	57.6555
3151.13	55.5283
3152.4	45.8984
3153.67	42.8153
3154.94	53.4435
3156.2	52.5839
3157.47	53.6214
3158.74	49.3828
3160.01	43.2245
3161.27	32.6334
3162.54	36.518
3163.8	35.3802
3165.07	41.7921
3166.34	46.4383
3167.6	47.34
3168.87	51.2726
3170.13	48.1134
3171.4	47.0554
3172.66	55.0138
3173.93	54.8342
3175.19	39.3945
3176.46	40.3662
3177.72	43.9185
3178.98	40.3652
3179.83	42.89
3181.09	52.6643
3182.36	49.9235
3183.62	41.3113
3184.89	55.3258
3186.15	48.1574
3187.42	41.5997
3188.68	35.3269
3189.95	42.6655
3191.21	32.2734
3192.47	46.5012
3193.74	41.514
3195	31.9299
3196.26	34.2523
3197.53	32.1302
3198.79	40.2305
3200.05	33.9063
3201.32	26.8137
3202.58	37.0884
3203.84	40.0573
3205.1	26.9186
3206.36	25.6714
3207.62	24.3895
3208.89	24.9726
3210.15	24.5703
3211.41	21.4487
3212.67	8.86511
3213.93	21.1721
3215.19	20.2262
3216.45	17.9805
3217.71	24.1544
3218.97	19.509
3220.23	22.2761
3221.48	20.2116
3222.74	20.5192
3224	19.7877
3225.26	19.2425
3226.52	17.4909
3227.77	19.4009
3229.03	19.8687
3230.29	27.7481
3231.55	25.1334
3232.8	17.7819
3234.06	11.0925
3235.32	22.6092
3236.57	28.3347
3237.83	22.4451
3239.09	22.0905
3240.34	17.8411
3241.6	16.6157
3242.85	16.1602
3244.11	17.0051
3245.36	18.5123
3246.62	14.3141
3247.87	19.9213
3249.12	16.9728
3250.38	16.1489
3251.63	16.9181
3252.89	-3.31323
3254.14	14.4421
3255.39	17.0552
3256.64	15.9208
3257.9	10.4991
3259.15	4.94183
3260.4	11.9891
3261.65	9.66492
3262.91	12.7584
3264.16	12.1078
3265.41	18.0036
3266.66	13.269
3267.91	8.13995
3269.16	9.47455
3270.41	-1.88611
3271.66	6.74323
3272.91	8.3432
3274.16	7.57373
3275.41	12.0476
3276.66	13.8478
3277.91	3.42261
3279.16	10.4101
3280.41	4.33557
3281.66	3.93604
3282.9	9.01715
3284.15	5.12207
3285.4	5.09766
3286.65	-2.13776
3287.89	-3.3783
3289.14	9.84686
3290.39	11.2004
3291.64	10.0193
3292.88	2.84259
3294.13	7.13782
3295.38	18.9706
3296.62	8.72064
3297.87	9.53217
3299.11	14.1019
3300.36	7.26746
3301.6	-10.2206
3302.85	3.99103
3304.09	6.25726
3305.34	1.96582
3306.58	4.11078
3307.83	-2.8717
3309.07	6.87762
3310.31	-4.21985
3311.56	-6.03198
3312.8	4.36816
3314.04	4.11615
3315.29	6.57788
3316.53	12.0551
3317.77	10.0353
3319.01	5.97498
3320.25	3.85565
3321.49	4.67999
3322.74	8.80951
3323.98	-0.308594
3325.22	2.98822
3326.46	11.7982
3327.7	1.55548
3328.94	-1.83826
3330.18	-2.86499
3331.42	3.63293
3332.66	0.736938
3333.9	-4.9245
3335.14	3.41095
3336.38	5.69501
3337.62	1.19928
3338.86	-1.67493
3340.1	2.82904
3341.33	6.92108
3342.57	-1.26215
3343.81	-0.540527
3345.05	-2.38971
3346.28	1.89032
3347.52	-6.99213
3348.76	-9.40674
3350	-12.6296
3351.23	8.51245
3352.47	3.96198
3353.71	-1.20575
3354.94	-2.65588
3356.18	-4.3877
3357.41	-3.52509
3358.65	0.633362
3359.88	-1.59021
3361.12	-5.59351
3362.35	-6.44943
3363.59	-1.19043
3364.82	-1.90076
3366.05	-7.19095
3367.29	-6.57321
3368.52	-7.86292
3369.76	-9.63351
3370.99	-9.15179
3372.22	-8.13089
3373.46	-5.87491
3374.69	-13.6812
3375.92	-14.3733
3377.15	-14.7732
3378.38	-9.79703
3379.62	-2.14383
3380.85	-11.3775
3382.08	-17.099
3383.31	-13.4471
3384.54	-11.8603
3385.77	-8.84946
3387	-11.7698
3388.23	-15.0294
3389.46	-15.2442
3390.69	-12.9074
3391.92	-17.1628
3393.15	-13.9668
3394.38	-7.87912
3395.61	-6.28363
3396.84	-4.90433
3398.07	-8.36612
3399.3	-6.58969
3400.52	0.526703
3401.75	-2.03033
3402.98	-5.34921
3404.21	-2.87054
3405.44	2.30692
3406.66	6.1272
3407.89	0.963989
3409.12	-3.51367
3410.34	-5.5853
3411.57	-0.962677
3412.79	-4.99789
3414.02	-4.87704
3415.25	-6.44962
3416.47	-9.26086
3417.7	-10.9051
3418.92	-6.68616
3420.15	-8.51285
3421.37	-3.75848
3422.6	-3.50433
3423.82	-5.35849
3425.04	1.67966
3426.27	-4.06335
3427.49	-6.34998
3428.72	2.47961
3429.94	4.70517
3431.16	3.74243
3432.38	-5.34341
3433.61	-6.63501
3434.83	-6.01028
3436.05	-10.5713
3437.27	0.851318
3438.5	-1.69455
3439.72	4.17963
3440.94	-3.28806
3442.16	-2.60904
3443.38	0.170746
3444.6	4.63519
3445.82	0.179718
3447.04	7.73856
3448.26	0.646637
3449.48	3.15567
3450.7	7.00278
3451.92	4.35526
3453.14	-0.00146484
3454.36	8.95755
3455.58	8.74564
3456.8	1.70898
3458.01	3.29221
3459.23	8.78287
3460.45	14.7232
3461.67	12.2583
3462.89	0.948456
3464.1	5.53815
3465.32	8.89868
3466.54	-1.05261
3467.75	1.09406
3468.97	6.05197
3470.19	7.57086
3471.4	13.1327
3472.62	9.73157
3473.83	5.04163
3475.05	1.32254
3476.27	-1.30774
3477.48	-4.55222
3478.7	0.00683594
3479.91	3.11111
3481.13	9.40027
3482.34	10.0152
3483.55	6.8139
3484.77	16.5593
3485.98	13.6031
3487.19	11.5441
3488.41	0.996399
3489.62	-0.58136
3490.83	11.1526
3492.05	9.48831
3493.26	18.6286
3494.47	15.2845
3495.68	7.84644
3496.89	13.0329
3498.11	13.8733
3499.32	13.6213
3500.53	13.2014
3501.74	14.529
3502.95	13.511
3504.16	11.3585
3505.37	7.48828
3506.58	7.97641
3507.79	6.53622
3509	14.1764
3510.21	14.6958
3511.42	19.2051
3512.63	10.2623
3513.84	12.9598
3515.05	10.0793
3516.26	10.8784
3517.46	12.2319
3518.67	19.0924
3519.88	20.1172
3521.09	15.3344
3522.3	18.1955
3523.5	11.8398
3524.71	6.00153
3525.92	2.34653
3527.12	13.2738
3528.33	10.1671
3529.54	9.47888
3530.74	-2.91986
3531.95	5.02026
3533.15	4.58548
3534.36	4.98935
3535.57	5.07248
3536.77	-3.02216
3537.97	5.89185
3539.18	7.99078
3540.38	9.83539
3541.59	10.063
3542.79	13.8016
3544	11.6136
3545.2	11.6186
3546.4	5.48056
3547.61	10.4633
3548.81	18.9069
3550.01	3.25546
3551.21	4.88205
3552.42	12.8671
3553.62	5.48041
3554.82	16.4371
3556.02	11.2898
3557.22	3.8175
3558.43	12.8675
3559.63	15.2055
3560.83	6.78519
3562.03	4.3541
3563.23	4.90549
3564.43	9.16013
3565.63	9.52151
3566.83	11.7357
3568.03	8.93677
3569.23	12.4503
3570.43	16.3161
3571.63	13.6642
3572.83	3.13513
3574.02	6.38263
3575.22	8.6297
3576.42	4.57755
3577.62	16.1555
3578.82	12.6608
3580.02	10.1096
3581.21	12.597
3582.41	5.66519
3583.61	10.7094
3584.8	6.33716
3586	5.13913
3587.2	11.4855
3588.4	5.74789
3589.59	10.3911
3590.79	8.77576
3591.98	4.10516
3593.18	11.3135
3594.37	1.10904
3595.57	-3.9071
3596.76	15.0009
3597.81	6.68643
3599.01	1.5217
3600.21	2.37045
3601.4	6.8573
3602.6	2.73419
3603.8	17.7046
3604.99	4.40445
3606.19	-0.124115
3607.38	8.75577
3608.58	12.5983
3609.77	8.02353
3610.97	5.16898
3612.16	10.4007
3613.36	9.32272
3614.55	-5.26849
3615.75	13.2518
3616.94	3.51617
3618.13	2.14108
3619.33	-0.814148
3620.52	2.48596
3621.71	11.8229
3622.91	0.930817
3624.1	9.25613
3625.29	-2.27643
3626.48	12.2652
3627.68	0.720154
3628.87	5.57248
3630.06	0.866455
3631.25	-0.904785
3632.44	-5.20758
3633.63	1.42908
3634.82	4.62979
3636.02	-8.49527
3637.21	-0.881714
3638.4	4.48904
3639.59	-0.587494
3640.78	1.28204
3641.97	1.035
3643.16	-2.51346
3644.34	-11.6575
3645.53	-3.87601
3646.72	-7.17691
3647.91	-8.09
3649.1	-5.89682
3650.29	0.704834
3651.48	-4.23672
3652.67	-3.28357
3653.85	-1.51392
3655.04	0.0347595
3656.23	0.819305
3657.42	-4.07007
3658.6	-8.17993
3659.79	-5.63013
3660.97	-7.07001
3662.16	-1.11063
3663.35	-3.67599
3664.53	-5.34113
3665.72	-1.39966
3666.9	-0.836365
3668.09	4.38477
3669.28	6.56665
3670.46	0.0340881
3671.65	0.0195923
3672.83	5.31363
3674.01	-8.16788
3675.2	1.52319
3676.38	1.12155
3677.57	-3.60013
3678.75	0.586639
3679.93	-8.51349
3681.12	-0.437775
3682.3	-2.27634
3683.48	-5.02591
3684.67	2.27811
3685.85	8.25992
3687.03	2.86438
3688.21	4.61972
3689.39	9.25589
3690.58	2.69489
3691.76	8.21359
3692.94	3.82919
3694.12	8.50562
3695.3	7.45465
3696.48	8.57526
3697.66	10.8434
3698.84	7.17667
3699.19	9.9248
