61.6482	422.662
63.4877	308.772
65.3269	311.782
67.1635	490.971
69.002	647.914
70.8401	736.953
72.6756	642.253
74.513	402.235
76.35	171.331
78.1866	63.6294
80.0208	25.7172
81.8567	41.6843
83.6923	61.9659
85.5253	108.535
87.3602	172.341
89.1925	222.28
91.0267	303.558
92.8604	458.547
94.6917	663.685
96.5247	927.089
98.3574	1299.97
100.188	1672.83
102.02	2037.65
103.849	2383.59
105.68	2569.23
107.509	2459.81
109.34	2072.46
111.168	1654.98
112.997	1318.08
114.827	1078.33
116.654	907.935
118.483	797.011
120.309	748.083
122.137	696.936
123.962	678.921
125.79	636.42
127.615	621.812
129.439	557.849
131.265	491.279
133.089	386.709
134.915	283.293
136.738	217.563
138.562	185.88
140.385	166.657
142.207	137.054
144.03	124.682
145.852	99.7491
147.675	79.0746
149.495	71.6773
151.316	68.2991
153.137	50.1572
154.957	45.7611
156.776	36.3666
158.597	32.931
160.415	50.0802
162.233	33.6928
164.053	41.3853
165.871	30.9278
167.688	41.879
169.506	38.6548
171.323	16.5029
173.139	22.7858
174.954	15.9483
176.772	23.192
178.586	27.866
180.401	41.1749
182.215	67.3312
184.031	71.8577
185.844	98.0089
187.658	95.1581
189.47	84.7064
191.283	72.6886
193.097	48.1614
194.909	30.2355
196.72	9.66626
198.531	-2.25458
200.342	1.24817
202.152	-1.28491
203.962	-15.9412
205.773	3.35004
207.583	-5.85144
209.392	-15.0203
211.2	1.87927
213.008	-3.05548
214.816	3.36908
216.624	22.655
218.431	16.8073
220.237	18.4326
222.044	17.2271
223.85	5.24646
225.656	16.6891
227.461	5.29108
229.268	4.31769
231.073	-2.83405
232.877	1.58917
234.681	5.2265
236.485	-9.98499
238.286	-15.2203
240.089	-10.9648
241.891	-14.9528
243.693	-15.4232
245.495	-1.81946
247.297	4.4209
249.098	8.62994
250.899	1.84296
252.699	4.93048
254.499	9.62286
256.299	8.71729
258.098	10.768
259.897	27.2344
261.694	28.9991
263.492	55.3881
265.29	56.6736
267.088	61.3902
268.885	92.4373
270.682	96.7004
272.479	103.403
274.273	85.9599
276.069	79.5303
277.865	98.5091
279.66	84.8281
281.455	73.7451
283.247	87.6191
285.041	79.877
286.835	84.6805
288.629	74.9899
290.42	57.8287
292.212	65.1888
294.005	61.5399
295.797	63.4844
297.587	57.9759
299.378	51.1169
301.169	56.076
302.958	51.5005
304.748	55.3137
306.538	38.4586
308.326	33.2979
310.115	40.5254
311.904	48.8098
313.69	48.8941
315.479	48.0876
317.267	49.2734
319.052	41.2662
320.839	32.0478
322.624	30.5399
324.411	38.7628
326.197	40.6789
327.981	39.3586
329.766	37.4686
331.549	45.9727
333.334	38.7509
335.116	42.8983
336.901	57.945
338.682	47.9379
340.466	44.1791
342.247	42.6649
344.03	49.4034
345.81	56.407
347.592	46.8189
349.372	50.2454
351.153	49.3422
352.932	50.3777
354.713	55.618
356.491	60.729
358.271	67.0009
360.048	75.5528
361.826	81.4991
363.605	74.4493
365.381	71.5537
367.16	86.9432
368.935	80.9315
370.711	85.7642
372.488	78.153
374.263	68.8926
376.038	85.0948
377.814	100.468
379.588	104.02
381.361	127.782
383.136	123.649
384.909	102.705
386.682	85.176
388.456	78.6298
390.228	72.3364
391.999	53.9688
393.77	57.2964
395.543	55.9448
397.313	40.4147
399.083	24.7967
400.853	36.3484
402.625	21.7072
404.394	17.8945
406.162	24.9422
407.931	35.0276
409.701	25.177
411.468	12.6694
413.236	19.0869
415.003	34.5939
416.769	39.1409
418.536	47.2849
420.302	36.8464
422.069	22.2396
423.835	28.9578
425.6	29.5649
427.364	27.6667
429.129	37.3348
430.893	28.3257
432.656	27.2731
434.419	15.5159
436.182	26.7472
437.945	23.699
439.707	15.6598
441.471	26.7078
443.233	29.8715
444.994	31.2419
446.755	16.8465
448.515	21.166
450.276	14.712
452.036	21.9055
453.795	24.7497
455.554	12.5962
457.311	9.96002
459.07	18.5395
460.828	29.7319
462.586	16.6281
464.343	30.6539
466.101	74.7847
467.857	131.735
469.614	204.774
471.37	235.711
473.126	213.171
474.881	162.524
476.637	152.944
478.389	166.491
480.144	188.839
481.898	220.031
483.652	207.388
485.405	145.076
487.159	96.5021
488.909	68.7446
490.662	47.5011
492.414	45.7147
494.166	34.0703
495.917	41.4735
497.666	23.4968
499.417	20.8049
501.168	25.7927
502.918	27.7468
504.665	11.8746
506.415	24.8822
508.164	14.1639
509.911	10.1201
511.659	12.6134
513.407	10.77
515.155	13.4336
516.901	8.83295
518.648	12.1502
520.395	2.84882
522.139	1.13513
523.885	-3.08942
525.629	-4.06824
527.374	-16.8449
529.12	-4.66626
530.862	0.72113
532.607	5.07288
534.351	5.5033
536.093	-7.36719
537.836	-3.63788
539.577	3.29303
541.32	0.0311279
543.06	6.95337
544.803	0.415833
546.542	15.3726
548.284	16.1917
550.023	7.77374
551.764	42.7975
553.502	57.0541
555.242	70.6085
556.98	107.174
558.719	113.259
560.457	138.062
562.195	160.605
563.932	175.421
565.67	156.154
567.406	136.596
569.143	94.6987
570.878	62.6455
572.613	41.9554
574.35	30.17
576.084	-1.77484
577.82	5.56659
579.553	-4.48938
581.286	-3.05328
583.021	-15.259
584.754	-2.80652
586.486	2.99109
588.22	-4.55457
589.951	0.316895
591.682	0.120483
593.415	-4.52997
595.146	8.80249
596.876	6.85339
598.606	10.7828
600.337	11.7673
602.066	25.1978
603.795	31.1613
605.524	60.9874
607.254	99.5608
608.982	162.793
610.71	244.82
612.437	344.239
614.164	412.362
615.892	456.476
617.618	489.485
619.344	518.807
621.07	617.89
622.795	721.397
624.52	783.334
626.247	760.34
627.971	673.753
629.695	530.903
631.419	365.26
633.142	233.866
634.865	164.021
636.588	136.042
638.31	87.5886
640.032	85.6312
641.753	68.298
643.475	44.571
645.196	55.0081
646.917	61.3651
648.637	37.2679
650.359	38.6379
652.079	40.946
653.798	60.6492
655.515	58.9397
657.234	60.6686
658.952	48.2167
660.67	19.9694
662.388	12.8291
664.105	-27.7587
665.822	-12.2495
666.019	-14.1666
667.74	-22.9138
669.458	-10.1023
671.178	-21.4012
672.896	-13.8162
674.615	-24.9526
676.333	-28.8392
678.051	-37.196
679.768	-54.1053
681.484	-36.817
683.202	-30.9061
684.917	-31.901
686.634	-11.6432
688.349	-25.1874
690.064	-21.6094
691.78	-12.2791
693.494	-10.6846
695.207	-19.2274
696.922	-5.76367
698.635	-2.30676
700.348	-21.9203
702.062	4.44666
703.774	5.47424
705.486	11.6163
707.199	14.2749
708.91	3.69312
710.62	-8.81714
712.333	-18.6724
714.043	-0.506592
715.752	-3.67029
717.462	-0.272095
719.173	-6.02124
720.881	25.4438
722.59	11.7051
724.298	10.9528
726.007	17.861
727.715	13.8369
729.422	17.5355
731.129	2.69043
732.835	6.82349
734.541	29.172
736.249	4.72473
737.954	8.53979
739.659	18.6561
741.364	8.60254
743.069	30.5652
744.773	46.7908
746.477	60.0337
748.182	67.783
749.885	98.838
751.588	85.3507
753.291	76.447
754.993	69.8011
756.695	55.4963
758.397	47.0389
760.098	53.226
761.799	40.0675
763.499	29.6309
765.2	44.2592
766.9	47.0476
768.599	43.0662
770.299	53.4146
771.998	54.8467
773.696	50.7085
775.395	52.6632
777.093	80.3456
778.791	86.4783
780.488	96.6831
782.185	125.537
783.882	116.644
785.578	106.287
787.274	106.707
788.97	91.9419
790.666	74.4639
792.359	67.9272
794.054	56.3945
795.748	28.2585
797.443	13.6251
799.137	35.9767
800.83	11.8419
802.523	9.58142
804.214	13.3436
805.907	0.371948
807.599	13.1333
809.291	11.3157
810.983	14.813
812.674	4.28259
814.363	5.20984
816.054	-5.21667
817.745	-0.0201416
819.435	4.85132
821.122	0.544678
822.812	24.3257
824.501	16.7813
826.19	2.78125
827.876	-5.22693
829.565	-12.3585
831.253	-5.50928
832.938	6.47107
834.625	1.54834
836.312	32.6801
837.999	5.76807
839.683	7.5437
841.369	8.93909
843.053	8.00256
844.738	8.11511
846.423	8.85278
848.106	12.303
849.79	12.3481
851.474	5.96399
853.156	7.14551
854.84	11.6802
856.521	7.9552
858.203	23.2919
859.886	5.16333
861.566	0.630493
863.248	4.82825
864.928	19.7841
866.609	6.71619
868.288	37.2584
869.968	49.615
871.647	45.1826
873.327	70.8917
875.004	44.6384
876.684	37.4435
878.361	59.6788
880.039	45.1085
881.716	31.4344
883.394	32.9867
885.07	38.8243
886.745	45.1111
888.422	32.0557
890.097	28.5101
891.774	30.7644
893.448	4.28418
895.122	-3.41174
896.798	20.4132
898.471	14.7972
900.146	9.10229
901.819	29.8772
903.491	21.097
905.165	9.92041
906.837	3.56519
908.508	10.936
910.181	8.78259
911.852	15.4397
913.522	5.4751
915.195	30.5681
916.864	17.2224
918.534	11.592
920.203	24.6895
921.874	9.3457
923.543	27.4641
925.211	29.4193
926.879	8.76331
928.549	10.0006
930.216	4.01257
931.883	41.7648
933.55	37.3622
935.216	30.6613
936.884	23.7157
938.55	31.2766
940.216	33.6005
941.881	31.8704
943.546	29.6362
945.21	57.3583
946.875	71.5533
948.54	59.5195
950.204	38.2224
951.867	38.4996
953.53	24.8658
955.193	34.376
956.856	37.8524
958.518	34.6832
960.179	29.099
961.841	35.9117
963.502	35.2958
965.163	50.3575
966.823	39.922
968.484	45.4332
970.144	47.7756
971.803	30.1761
973.463	47.6493
975.122	46.468
976.78	43.1394
978.439	57.8824
980.097	52.3553
981.754	80.5575
983.412	92.5596
985.069	97.0667
986.726	128.458
988.382	136.596
990.039	184.174
991.695	202.222
993.35	254.713
995.005	277.961
996.659	286.195
998.313	299.273
999.968	294.135
1001.62	291.836
1003.28	247.427
1004.93	202.158
1006.58	167.845
1008.23	140.099
1009.89	104.601
1011.54	98.4288
1013.19	102.512
1014.84	95.1522
1016.49	99.3982
1018.14	103.579
1019.79	116.423
1021.44	145.6
1023.09	183.294
1024.74	221.278
1026.39	284.514
1028.04	356.192
1029.69	392.955
1031.33	491.024
1032.98	576.943
1034.63	673.391
1036.28	717.55
1037.92	764.319
1039.57	749.209
1041.22	661.817
1042.86	567.729
1044.51	444.79
1046.15	355.169
1047.8	270.14
1049.44	224.4
1051.09	165.26
1052.73	133.212
1054.37	93.3671
1056.01	78.1539
1057.66	75.6945
1059.3	67.9237
1060.94	66.468
1062.59	43.0173
1064.23	52.4601
1065.87	53.0782
1067.51	47.7147
1069.15	15.5099
1070.79	42.6243
1072.43	46.7354
1074.07	35.1812
1075.71	32.5696
1077.35	39.4102
1078.98	28.6777
1080.62	1.40906
1082.26	20.6449
1083.9	13.3727
1085.54	15.7788
1087.18	9.04065
1088.81	26.184
1090.45	31.5608
1092.08	25.6609
1093.72	44.5588
1095.35	43.8553
1096.99	34.8712
1098.62	39.376
1100.26	29.1931
1101.89	21.0909
1103.53	26.2668
1105.16	38.934
1106.79	43.7216
1108.43	49.8083
1110.06	52.962
1111.69	82.5967
1113.32	83.7783
1114.96	88.8823
1116.59	84.8198
1118.22	102.089
1119.85	121.937
1121.48	106.045
1123.11	100.044
1124.74	100.647
1126.37	80.9207
1128	83.4453
1129.63	70.1692
1131.25	53.7108
1132.88	35.4642
1134.51	33.6512
1136.14	9.99255
1137.77	10.9915
1139.39	1.09094
1141.02	6.52966
1142.64	10.7019
1144.27	14.5677
1145.9	-9.61023
1147.52	-2.48047
1149.15	-5.35828
1150.77	-12.8539
1152.4	-18.6232
1154.02	-8.0387
1155.64	-4.98608
1157.27	-5.78784
1158.89	-20.9977
1160.51	-13.8381
1162.14	-0.304688
1163.76	-2.02417
1165.38	-0.579102
1167	-1.15833
1168.62	-9.84229
1170.24	-28.39
1171.86	-28.4917
1173.48	-8.56738
1175.1	0.6427
1176.72	-10.807
1178.34	-19.4871
1179.96	-6.75024
1181.58	-5.29761
1183.2	2.6687
1184.82	-1.6355
1186.43	-15.629
1188.05	-26.347
1189.67	-30.3165
1191.29	-24.8119
1192.9	-18.9086
1194.52	-23.4672
1196.13	-15.1779
1197.75	-12.0001
1199.36	-39.7147
1200.98	-35.5194
1202.59	-26.974
1204.21	-20.1196
1205.82	-16.7224
1207.44	-10.5817
1209.05	-9.30298
1210.66	-19.4574
1212.27	-0.976685
1213.89	-8.58826
1215.5	-17.6637
1217.11	-2.97742
1218.72	-7.4823
1220.33	2.03113
1221.95	1.45593
1223.56	-5.2738
1225.17	-13.0277
1226.78	-13.1724
1228.39	-12.1514
1230	-12.541
1231.6	4.67773
1233.21	16.6029
1234.82	2.0553
1235.39	0.136353
1237	-15.3176
1238.61	-8.70178
1240.22	-25.4668
1241.84	-25.2441
1243.45	-22.3782
1245.05	-29.519
1246.66	-41.3986
1248.27	-32.7203
1249.88	-27.0453
1251.49	-2.83618
1253.1	-23.058
1254.7	-14.8429
1256.31	7.29431
1257.92	-9.97449
1259.53	-14.8613
1261.13	-14.1964
1262.74	-17.2863
1264.34	-19.4102
1265.95	-16.6964
1267.55	-0.319092
1269.16	-0.218628
1270.76	6.84973
1272.37	-1.87354
1273.97	11.4958
1275.57	24.2428
1277.18	23.7827
1278.78	38.8776
1280.38	37.5923
1281.98	38.6383
1283.59	55.614
1285.19	62.5789
1286.79	56.5067
1288.39	59.3868
1289.99	65.1907
1291.59	58.3052
1293.19	54.5061
1294.79	56.8167
1296.39	25.2245
1297.99	34.4551
1299.59	37.726
1301.19	42.6395
1302.78	43.3068
1304.38	35.1526
1305.98	29.5597
1307.58	47.9692
1309.18	42.1133
1310.77	35.0052
1312.37	30.0232
1313.96	32.1995
1315.56	13.0697
1317.16	7.95923
1318.75	11.6631
1320.35	-0.325684
1321.94	-0.335938
1323.54	1.35254
1325.13	8.75513
1326.72	3.09863
1328.32	5.62231
1329.91	-1.3175
1331.5	15.6798
1333.09	16.5758
1334.69	17.5859
1336.28	34.6104
1337.87	56.3975
1339.46	51.4661
1341.05	39.183
1342.64	27.2131
1344.23	35.6067
1345.82	40.7629
1347.41	32.3685
1349	41.1195
1350.59	22.0513
1352.18	35.3389
1353.77	57.8906
1355.36	51.6967
1356.94	55.2682
1358.53	54.9719
1360.12	53.7484
1361.71	51.0063
1363.29	66.7921
1364.88	78.0269
1366.46	84.6392
1368.05	76.4067
1369.63	72.5327
1371.22	84.8831
1372.8	74.2627
1374.39	101.012
1375.97	95.6007
1377.56	96.0668
1379.14	98.4792
1380.73	116.872
1382.31	128.456
1383.89	146.999
1385.47	158.336
1387.05	168.057
1388.64	194.46
1390.22	207.156
1391.8	215.767
1393.38	213.942
1394.96	233.43
1396.54	268.902
1398.12	306.444
1399.7	311.984
1401.28	375.147
1402.86	399.084
1404.44	431.965
1406.02	461
1407.59	482.943
1409.17	505.164
1410.75	543.739
1412.33	557.701
1413.9	563.209
1415.48	567.632
1417.06	558.054
1418.63	547.216
1420.21	523.925
1421.78	479.384
1423.36	459.48
1424.93	423.685
1426.51	383.527
1428.08	362.604
1429.66	340.472
1431.23	318.089
1432.8	304.088
1434.38	284.089
1435.95	258.274
1437.52	231.973
1439.09	209.957
1440.67	184.735
1442.24	178.091
1443.81	150.047
1445.38	140.157
1446.95	130.538
1448.52	121.717
1450.09	106.488
1451.66	95.387
1453.23	89.056
1454.8	84.6304
1456.37	66.3099
1457.94	59.0851
1459.5	51.214
1461.07	48.1715
1462.64	44.6741
1464.21	54.563
1465.77	64.5245
1467.34	42.3195
1468.91	67.1733
1470.47	84.4291
1472.04	106.216
1473.6	115.453
1475.17	146.681
1476.73	170.682
1478.3	214.417
1479.86	236.477
1481.43	265.278
1482.99	294.149
1484.56	330.587
1486.12	357.404
1487.68	395.971
1489.24	456.279
1490.81	477.323
1492.37	497.78
1493.93	548.405
1495.49	563.63
1497.05	598.367
1498.61	589.187
1500.17	580.061
1501.73	589.517
1503.29	578.003
1504.85	526.617
1506.41	476.644
1507.97	432.894
1509.53	391.707
1511.09	350.982
1512.65	306.755
1514.2	268.98
1515.76	228.829
1517.32	182.256
1518.88	160.74
1520.43	130.646
1521.99	102.132
1523.54	91.5482
1525.1	87.9769
1526.65	58.5414
1528.21	48.2949
1529.76	47.1541
1531.32	29.5039
1532.87	33.4114
1534.43	28.6392
1535.98	6.80481
1537.53	15.0796
1539.09	5.66028
1540.64	7.99304
1542.19	6.5061
1543.75	7.21143
1545.3	-8.89795
1546.85	-5.12537
1548.4	0.79541
1549.95	1.48108
1551.5	20.0602
1553.05	13.6995
1554.6	20.0599
1556.15	2.57983
1557.7	10.925
1559.25	9.81873
1560.8	16.5316
1562.35	6.08472
1563.9	25.4512
1565.44	30.2871
1566.99	21.6864
1568.54	46.3341
1570.09	54.0618
1571.63	47.1112
1573.18	58.7241
1574.73	53.5247
1576.27	65.8334
1577.82	91.2754
1579.36	113.137
1580.91	138.1
1582.45	166.146
1584	216.492
1585.54	247.939
1587.09	269.066
1588.63	304.13
1590.17	343.572
1591.72	357.095
1593.26	346.874
1594.8	323.412
1596.34	306.38
1597.89	270.854
1599.43	241.342
1600.97	206.219
1602.51	160.182
1604.05	141.51
1605.59	132.975
1607.13	109.978
1608.67	86.9875
1610.21	66.9922
1611.75	56.9097
1613.29	69.9335
1614.83	77.4225
1616.37	79.6179
1617.9	87.9379
1619.44	82.6241
1620.98	106.82
1622.52	127.826
1624.05	122.834
1625.59	131.234
1627.13	162.659
1628.66	198.935
1630.2	248.733
1631.73	289.987
1633.27	335.008
1634.8	405.907
1636.34	482.628
1637.87	564.005
1639.41	650.401
1640.94	754.12
1642.47	806.383
1644.01	854.706
1645.54	894.703
1647.07	914.821
1648.61	901.107
1650.14	839.253
1651.67	755.366
1653.2	677.302
1654.73	571.311
1656.26	495.487
1657.79	413.725
1659.32	340.525
1660.85	313.473
1662.38	276.96
1663.91	255.703
1665.44	226.717
1666.97	213.655
1668.5	194.412
1670.03	173.948
1671.55	153.97
1673.08	160.258
1674.61	142.895
1676.14	140.194
1677.66	128.412
1679.19	122.059
1680.72	124.874
1682.24	134.891
1683.77	131.178
1685.29	137.763
1686.82	128.477
1688.34	115.462
1689.87	122.247
1691.39	122.682
1692.91	105.708
1694.44	137.397
1695.96	109.527
1697.48	82.5793
1699.01	78.8845
1700.53	88.2969
1702.05	48.8613
1703.57	40.2634
1705.1	43.2664
1706.62	58.2366
1708.14	44.4706
1709.66	53.4363
1711.18	58.0562
1712.7	55.0409
1714.22	27.2198
1715.74	47.1519
1717.26	36.9288
1718.78	27.8654
1720.3	29.7017
1721.81	8.07056
1723.33	-8.61536
1724.85	17.1743
1726.37	20.2537
1727.89	16.0115
1729.4	10.1543
1730.92	12.3971
1732.44	7.69946
1733.95	6.79065
1735.47	-0.636475
1736.98	12.0004
1738.5	-5.74805
1740.01	1.40405
1741.53	2.5769
1743.04	-16.9843
1744.56	-2.67322
1746.07	-6.79248
1747.58	-1.98425
1749.1	-8.70667
1750.61	-10.3185
1752.12	-2.42517
1753.64	-12.2505
1755.15	-9.48669
1756.66	5.53027
1758.17	-14.271
1759.68	-15.094
1761.19	-21.7611
1762.71	-11.6434
1764.22	8.13721
1765.73	3.53369
1767.24	6.7395
1768.67	-4.05872
1770.19	-0.674438
1771.7	-16.6501
1773.21	5.74121
1774.72	-29.1692
1776.23	-24.0588
1777.74	-4.23853
1779.25	2.32532
1780.76	-19.7828
1782.27	-0.996948
1783.78	2.34485
1785.29	-22.3645
1786.8	-3.06348
1788.31	-12.5953
1789.82	-5.34875
1791.33	-3.3551
1792.84	3.9895
1794.34	13.5919
1795.85	3.1178
1797.36	-7.75024
1798.86	0.312622
1800.37	6.54639
1801.88	-5.58716
1803.38	-10.2957
1804.89	-10.3519
1806.39	-10.71
1807.9	-0.700195
1809.4	2.72632
1810.91	-11.2526
1812.41	-6.63391
1813.92	1.63489
1815.42	-24.3262
1816.92	8.27759
1818.43	-2.96277
1819.93	11.4078
1821.43	0.177979
1822.93	7.38977
1824.44	7.62683
1825.94	11.8904
1827.44	-3.67102
1828.94	-11.4503
1830.44	-2.93445
1831.94	-6.55969
1833.44	-10.7737
1834.94	0.196167
1836.44	6.27161
1837.94	4.52502
1839.44	-2.86829
1840.94	11.0776
1842.44	1.797
1843.94	-7.64453
1845.44	-7.94629
1846.93	-6.42102
1848.43	11.6459
1849.93	-8.10059
1851.43	15.2594
1852.92	20.9103
1854.42	15.1918
1855.92	1.46887
1857.41	12.4716
1858.91	-3.95093
1860.4	-4.49902
1861.9	-3.79895
1863.39	18.2092
1864.89	5.64038
1866.38	7.81519
1867.88	5.70605
1869.37	-1.96887
1870.86	5.6936
1872.36	14.8876
1873.85	-6.64368
1875.34	-3.25537
1876.83	1.19836
1878.33	-13.3756
1879.82	6.60596
1881.31	5.54944
1882.8	12.8397
1884.29	-9.23328
1885.78	10.2277
1887.27	-5.18188
1888.76	2.27454
1890.25	-9.15051
1891.74	13.3179
1893.23	3.49927
1894.72	5.45837
1896.21	-3.87878
1897.7	-2.02173
1899.18	3.64795
1900.67	-5.81885
1902.16	3.17712
1903.65	-8.81213
1905.13	-8.87146
1906.62	-5.57141
1908.11	5.27014
1909.59	6.85071
1911.08	14.7368
1912.56	-3.75916
1914.05	8.06641
1915.53	3.74243
1917.02	3.24292
1918.5	2.41125
1919.99	23.1195
1921.47	10.3676
1922.96	9.32239
1924.44	6.64746
1925.92	22.7958
1927.41	10.2683
1928.89	16.8369
1930.37	17.8374
1931.85	25.0317
1933.33	20.2852
1934.82	18.9076
1936.3	7.78796
1937.78	10.7448
1939.26	17.8668
1940.74	28.952
1942.22	12.6422
1943.7	6.54797
1945.18	8.89355
1946.66	5.2345
1948.14	6.60815
1949.62	12.1409
1951.09	5.37292
1952.57	-2.73962
1954.05	14.0934
1955.53	11.351
1957.01	29.5442
1958.48	24.8182
1959.96	32.9462
1961.44	18.9735
1962.91	31.2371
1964.39	29.5515
1965.86	29.1881
1967.34	37.6838
1968.81	38.5089
1970.29	25.2928
1971.76	5.93433
1973.24	24.7601
1974.71	15.519
1976.19	7.10242
1977.66	-0.17688
1979.13	9.62976
1980.61	19.1727
1982.08	18.1064
1983.55	25.7246
1985.02	17.5742
1986.5	16.771
1987.97	21.5798
1989.44	15.1989
1990.91	11.1606
1992.38	5.65063
1993.85	-0.307251
1995.32	12.2933
1996.79	19.2191
1998.26	9.65515
1999.73	11.3114
2001.2	15.6768
2002.67	19.7329
2004.14	20.4199
2005.61	23.3003
2007.07	21.621
2008.54	16.84
2010.01	28.0801
2011.48	13.1715
2012.94	2.70422
2014.41	10.8534
2015.88	9.45825
2017.34	4.49841
2018.81	27.0293
2020.27	32.2404
2021.74	14.7084
2023.21	2.45203
2024.67	10.4288
2026.13	7.08679
2027.6	16.8896
2029.06	5.96985
2030.53	0.241089
2031.99	18.4153
2033.45	13.9119
2034.91	11.0449
2036.38	16.0752
2037.84	0.0317383
2039.3	18.9517
2040.77	19.0002
2042.23	13.3478
2043.69	19.8274
2045.15	26.0336
2046.61	29.8213
2048.07	23.0035
2049.53	20.2528
2050.99	16.7147
2052.45	1.77979
2053.91	5.31738
2055.37	0.146973
2056.83	12.8536
2058.29	18.5184
2059.74	18.8472
2061.2	26.4038
2062.66	33.7887
2064.12	33.3225
2065.57	10.8146
2067.03	13.7468
2068.49	16.3002
2069.95	11.1854
2071.4	12.3967
2072.86	8.39294
2074.31	23.938
2075.77	28.1664
2077.22	31.1608
2078.68	25.3625
2080.13	31.8881
2081.59	38.5201
2083.04	31.9298
2084.49	23.1196
2085.95	27.8267
2087.4	15.4633
2088.85	15.9636
2090.31	25.7238
2091.76	26.5159
2093.21	22.4803
2094.66	31.4978
2096.11	18.5371
2097.57	-0.865479
2099.02	14.6686
2100.47	18.0027
2101.92	14.3981
2103.37	26.0333
2104.82	14.6927
2106.27	7.62207
2107.72	6.73828
2109.17	12.2314
2110.62	16.6583
2112.07	21.5054
2113.51	19.2292
2114.96	20.0265
2116.41	27.329
2117.86	28.0513
2119.31	12.361
2120.75	16.9302
2122.2	27.6539
2123.65	19.0145
2125.09	17.8671
2126.54	26.6902
2127.98	25.3169
2129.43	9.53308
2130.88	18.829
2132.32	11.9608
2133.76	16.8152
2135.21	11.835
2136.65	32.4381
2138.1	21.1464
2139.54	11.1971
2140.98	13.2179
2142.43	23.0728
2143.87	18.0072
2145.31	23.9969
2146.75	23.5667
2148.2	19.0806
2149.64	27.1254
2151.08	25.4535
2152.52	39.954
2153.96	36.6477
2155.4	20.9758
2156.84	19.3285
2158.28	27.0623
2159.72	34.3905
2161.16	22.8784
2162.6	22.7087
2164.04	40.8917
2165.48	31.7229
2166.92	36.5823
2168.36	29.3496
2169.8	30.7441
2171.23	19.755
2172.67	25.7621
2174.11	33.8438
2175.55	34.255
2176.98	30.8496
2178.42	25.6393
2179.86	30.1909
2181.29	35.7085
2182.73	49.5406
2184.16	43.9558
2185.6	27.9655
2187.03	23.5375
2188.47	27.9764
2189.9	38.8416
2191.34	38.7097
2192.77	21.9541
2194.2	25.7269
2195.64	43.0603
2197.07	44.1326
2198.5	34.3755
2199.94	35.0382
2201.37	41.4343
2202.8	37.9435
2204.23	24.7443
2205.66	29.9672
2207.09	38.1915
2208.53	42.1244
2209.96	38.2848
2211.39	35.324
2212.82	32.0815
2214.25	25.0757
2215.68	19.7417
2217.11	18.439
2218.53	9.3175
2219.96	12.8156
2221.39	24.4857
2222.82	21.9691
2224.25	26.3281
2225.68	21.2506
2227.1	15.3838
2228.53	6.07483
2229.96	10.4984
2231.39	28.5201
2232.81	32.9006
2234.24	35.8784
2235.66	26.3486
2237.09	8.7428
2238.52	12.1206
2239.94	21.3577
2241.37	10.9789
2242.79	3.79297
2244.21	10.3901
2245.64	16.4246
2247.06	15.4497
2248.49	6.0105
2249.91	12.844
2251.33	23.7653
2252.76	18.7582
2254.18	11.7561
2255.6	4.94128
2257.02	5.52319
2258.45	-2.83972
2259.87	-4.53687
2261.29	5.0304
2262.71	-1.15759
2264.13	7.97522
2265.55	14.7114
2266.97	13.8828
2267.86	19.7908
2269.28	22.9832
2270.7	2.97803
2272.13	10.7236
2273.55	-25.1178
2274.97	-5.93066
2276.39	-9.80432
2277.81	4.49292
2279.23	6.30896
2280.65	10.1582
2282.07	-0.860596
2283.49	-3.4563
2284.91	-0.702393
2286.33	0.406616
2287.75	11.7827
2289.17	-16.7622
2290.59	-10.0693
2292.01	6.46985
2293.43	-5.12109
2294.84	-0.185913
2296.26	6.01038
2297.68	7.94702
2299.1	13.1313
2300.51	10.9474
2301.93	28.7748
2303.35	20.6906
2304.76	-2.09766
2306.18	6.41467
2307.59	4.26563
2309.01	1.85364
2310.42	-7.71362
2311.84	10.1249
2313.25	10.1224
2314.67	4.12341
2316.08	-1.22241
2317.5	12.5977
2318.91	-21.7311
2320.32	-21.5042
2321.74	-9.95276
2323.15	-17.246
2324.56	6.74268
2325.97	5.23132
2327.39	0.0388184
2328.8	8.44409
2330.21	5.28015
2331.62	1.07495
2333.03	1.18103
2334.44	8.26135
2335.85	-3.27087
2337.26	-7.98376
2338.67	-4.72913
2340.08	-10.0583
2341.49	2.23071
2342.9	1.83496
2344.31	13.2639
2345.72	-25.0487
2347.13	-11.4601
2348.53	-4.03149
2349.94	5.07275
2351.35	-21.423
2352.76	-1.66003
2354.16	8.71143
2355.57	4.81165
2356.98	-4.56335
2358.39	-6.43005
2359.79	-5.40894
2361.2	0.145386
2362.6	4.29541
2364.01	14.0289
2365.41	-7.65479
2366.82	-20.1205
2368.22	-2.95081
2369.63	-22.9807
2371.03	-7.39429
2372.43	-19.049
2373.84	-13.2993
2375.24	-4.45227
2376.65	-3.64783
2378.05	-19.3292
2379.45	2.84473
2380.85	-15.1309
2382.25	-24.4641
2383.66	-10.0391
2385.06	-10.972
2386.46	-13.9608
2387.86	-10.4296
2389.26	-21.377
2390.66	-13.0692
2392.06	-3.00415
2393.46	-15.6322
2394.86	0.858276
2396.26	-18.7577
2397.66	-14.2886
2399.06	-11.5515
2400.46	-0.136719
2401.86	-16.7031
2403.26	-5.14368
2404.65	-12.5505
2406.05	-10.3645
2407.45	-12.2502
2408.85	4.12402
2410.24	-16.5629
2411.64	-11.3762
2413.04	-7.7644
2414.43	-13.6575
2415.83	-1.96313
2417.23	-1.17468
2418.62	-6.78333
2420.02	-0.44165
2421.41	-3.43481
2422.81	-17.7675
2424.2	3.26819
2425.59	4.91687
2426.99	1.16248
2428.38	12.7732
2429.78	8.34167
2431.17	0.617554
2432.56	16.1315
2433.95	10.0651
2435.35	16.2303
2436.74	4.70581
2438.13	4.41089
2439.52	-0.869873
2440.91	-1.18127
2442.31	11.1538
2443.7	8.28955
2445.09	23.3992
2446.48	13.9211
2447.87	14.7274
2449.26	4.84729
2450.65	19.5281
2452.04	-0.28125
2453.43	17.5389
2454.82	21.8746
2456.2	7.8623
2457.59	4.24426
2458.98	9.8678
2460.37	-4.6604
2461.76	-0.49231
2463.14	5.58386
2464.53	-10.8472
2465.92	1.9552
2467.31	5.9115
2468.69	3.33362
2470.08	-7.41284
2471.46	10.876
2472.85	-5.81909
2474.23	-3.19019
2475.62	0.498657
2477	12.3832
2478.39	9.46082
2479.77	13.9475
2481.16	11.2047
2482.54	10.3501
2483.93	0.0601807
2485.31	5.63879
2486.69	7.45898
2488.08	22.1484
2489.46	10.4391
2490.84	5.88953
2492.22	0.0623779
2493.6	-3.13843
2494.99	12.625
2496.37	-16.1294
2497.75	2.79382
2499.13	-20.6028
2500.51	-3.86084
2501.89	3.55652
2503.27	-3.37842
2504.65	3.68774
2506.03	4.15198
2507.41	-5.1947
2508.79	0.341431
2510.17	-16.6538
2511.55	-11.6083
2512.93	-4.77197
2514.3	-13.1149
2515.68	1.61462
2517.06	-2.10315
2518.44	10.7595
2519.82	8.47778
2521.19	-7.828
2522.57	-10.6774
2523.95	-0.690186
2525.32	3.32361
2526.7	-1.32581
2528.07	13.8252
2529.45	15.1104
2530.82	8.27429
2532.2	0.675659
2533.57	-2.28455
2534.95	-0.141724
2536.32	5.31714
2537.7	6.27063
2539.07	-6.14429
2540.44	-8.86096
2541.82	-12.6414
2543.19	-9.25037
2544.56	-4.06409
2545.94	6.83203
2547.31	-2.69409
2548.68	-3.16125
2550.05	1.1853
2551.42	-5.1178
2552.8	-5.33362
2554.17	-4.62939
2555.54	-4.11755
2556.91	-6.84985
2558.28	-5.02075
2559.65	-5.41956
2561.02	-4.76807
2562.39	-11.8816
2563.76	-5.08765
2565.13	-6.69861
2566.5	-22.1216
2567.86	-15.4844
2569.23	-15.0769
2570.6	-0.0533447
2571.97	-14.7142
2573.34	-5.677
2574.7	-6.65369
2576.07	-11.3397
2577.44	-17.1342
2578.8	-9.36621
2580.17	-13.4287
2581.54	-7.5896
2582.9	-11.6515
2584.27	-6.48816
2585.63	-5.80188
2587	9.43152
2588.36	-2.02539
2589.73	-14.218
2591.09	-9.22009
2592.46	-3.09814
2593.82	-3.16357
2595.19	-8.4696
2596.55	1.10669
2597.91	-13.8673
2599.27	-19.6545
2600.64	-14.2866
2602	-16.3341
2603.36	-6.08813
2604.72	-9.79407
2606.09	-12.088
2607.45	-10.1241
2608.81	-5.39014
2610.17	-3.52417
2611.53	-13.8821
2612.89	-1.2644
2614.25	-7.7124
2615.61	4.46411
2616.97	0.863525
2618.33	-10.8152
2619.69	0.0576172
2621.05	2.4884
2622.41	16.4034
2623.77	12.7517
2625.13	-7.20483
2626.48	-16.1512
2627.84	-11.0784
2629.2	-5.51733
2630.56	-5.32581
2631.91	-1.42725
2633.27	-7.62292
2634.63	-4.62512
2635.98	8.41431
2637.34	7.20325
2638.7	0.450439
2640.05	-2.14246
2641.41	-2.35803
2642.76	-1.19092
2644.12	1.53137
2645.47	7.46301
2646.83	8.43274
2648.18	1.55835
2649.54	-3.55603
2650.89	5.87109
2652.24	0.0412598
2653.6	-14.4496
2654.95	-6.81628
2656.3	-6.98035
2657.65	-4.46912
2659.01	-7.37366
2660.36	-9.46313
2661.71	-4.71606
2663.06	-6.08508
2664.41	-4.77026
2665.77	-7.68591
2667.12	-21.4655
2668.47	-18.59
2669.82	-18.2155
2671.17	-18.686
2672.52	-8.66296
2673.87	-10.6801
2675.22	-16.8821
2676.56	-18.2134
2677.91	-18.8252
2679.26	-18.4973
2680.61	-22.5641
2681.96	-23.7466
2683.31	-11.0906
2684.66	-5.07202
2686	-11.344
2687.35	-15.4159
2688.7	-18.2003
2690.04	-20.9706
2691.39	-13.3948
2692.74	-7.55469
2694.08	-17.6595
2695.43	-20.1733
2696.77	-11.1443
2698.12	-14.5081
2699.46	-17.7566
2700.81	-19.0588
2702.16	-10.3354
2703.5	-7.6095
2704.84	-11.2305
2706.19	-11.5176
2707.53	-23.0562
2708.87	-16.7722
2710.22	-15.225
2711.56	-16.0513
2712.9	-11.8479
2714.25	-15.4863
2715.59	-10.0061
2716.93	-12.1393
2718.27	-10.6198
2719.61	-5.12817
2720.95	-17.1315
2722.3	-18.2861
2723.64	-10.3986
2724.98	-17.2963
2726.32	-23.3182
2727.66	-22.8254
2729	-19.9103
2730.34	-13.7378
2731.68	-15.2996
2733.02	-22.7694
2734.35	-13.4807
2735.69	-10.4514
2736.38	-20.8767
2737.72	-1.48743
2739.06	-6.89038
2740.4	-2.92651
2741.74	-11.9452
2743.08	-35.8833
2744.42	-5.05701
2745.76	0.507813
2747.1	-11.556
2748.44	3.27698
2749.78	-1.1344
2751.12	-0.225342
2752.45	-4.15491
2753.79	-0.421875
2755.13	4.95068
2756.47	-21.657
2757.81	-8.64331
2759.14	-16.4344
2760.48	0.105713
2761.82	-4.61108
2763.15	-10.8763
2764.49	-9.55139
2765.83	17.8878
2767.16	11.5979
2768.5	13.7217
2769.83	11.4609
2771.17	-4.12183
2772.5	16.0454
2773.84	6.16553
2775.17	-9.44885
2776.51	1.24878
2777.84	-4.78491
2779.17	5.08875
2780.51	13.6713
2781.84	9.99023
2783.17	17.6727
2784.5	5.88855
2785.84	22.6681
2787.17	9.10095
2788.5	22.327
2789.83	11.4855
2791.16	9.61926
2792.5	11.7223
2793.83	19.9055
2795.16	23.9227
2796.49	5.24036
2797.82	26.2513
2799.15	28.3811
2800.48	7.39917
2801.81	9.22693
2803.14	35.0663
2804.47	25.1965
2805.79	20.7357
2807.12	11.5067
2808.45	17.463
2809.78	-1.5249
2811.11	21.5345
2812.44	6.94104
2813.76	12.3971
2815.09	12.4044
2816.42	-2.23108
2817.74	16.0801
2819.07	14.8699
2820.4	11.6886
2821.72	10.4331
2823.05	3.92114
2824.38	0.920532
2825.7	-0.656982
2827.03	-5.06555
2828.35	1.91614
2829.67	-18.2498
2831	-5.54468
2832.32	-10.7634
2833.65	6.72461
2834.97	-11.4315
2836.3	-9.10376
2837.62	-6.91638
2838.94	-2.51318
2840.26	-7.60645
2841.59	-10.1
2842.91	-17.2959
2844.23	-12.1046
2845.55	-7.32813
2846.88	-2.56445
2848.2	-7.18933
2849.52	-21.6104
2850.84	-13.7406
2852.16	-4.39795
2853.48	-13.3378
2854.8	-12.9176
2856.12	-15.4926
2857.44	-14.9293
2858.76	-18.3372
2860.08	-12.0649
2861.4	-12.494
2862.72	-22.621
2864.03	-19.8962
2865.35	-16.462
2866.67	-28.8156
2867.99	-26.594
2869.31	-16.2028
2870.63	-11.6729
2871.94	-20.5729
2873.26	-20.0326
2874.58	-22.0153
2875.89	-9.08069
2877.21	-14.4006
2878.52	-22.8512
2879.84	-16.8713
2881.16	-13.4146
2882.47	-13.0574
2883.79	-22.3224
2885.1	-26.7369
2886.42	-28.8035
2887.73	-21.8972
2889.05	-17.0626
2890.36	-12.8131
2891.67	-18.365
2892.99	-4.95642
2894.3	-11.2622
2895.61	-23.9717
2896.93	-32.0452
2898.24	-26.3933
2899.55	-10.7114
2900.86	-20.3337
2902.18	-6.10498
2903.49	-17.8732
2904.8	-9.8089
2906.11	-12.7084
2907.42	-24.1938
2908.73	-23.8951
2910.04	-19.2312
2911.35	-7.38788
2912.66	-23.9058
2913.97	-21.303
2915.28	-19.6128
2916.59	-23.1281
2917.9	-24.9066
2919.21	-16.4854
2920.52	-20.6348
2921.83	-22.8168
2923.13	-13.4022
2924.44	-9.8974
2925.75	0.0393066
2927.06	-3.56787
2928.37	-5.50317
2929.67	-21.2451
2930.98	-16.3428
2932.29	-22.4097
2933.59	-16.3127
2934.9	-16.0598
2936.2	-4.6438
2937.51	-10.96
2938.82	-11.9802
2940.12	-14.6127
2941.43	-4.51147
2942.73	-11.9707
2944.04	-13.5372
2945.34	-13.4375
2946.64	-6.39764
2947.95	-1.51715
2949.25	-13.4908
2950.55	-19.7981
2951.86	-15.9065
2953.16	-4.38672
2954.46	-2.22913
2955.77	-5.59235
2957.07	-7.58423
2958.37	-14.949
2959.67	-16.558
2960.97	-8.57971
2962.28	-11.056
2963.58	-24.6334
2964.88	-16.3378
2966.18	-26.3193
2967.48	-20.2729
2968.78	-8.35754
2970.08	-8.04144
2971.38	-15.4104
2972.68	-9.52356
2973.98	-10.1923
2975.28	-20.8811
2976.58	-11.4741
2977.87	10.4861
2979.17	13.5438
2980.47	1.57111
2981.77	-0.200745
2983.07	0.725342
2984.36	8.79163
2985.66	8.76477
2986.96	5.72424
2988.26	-1.46405
2989.55	-10.611
2990.85	-13.3561
2992.15	-15.0278
2993.44	-11.8198
2994.74	-10.9547
2996.03	2.47852
2997.33	2.04193
2998.62	8.29742
2999.92	16.3715
3001.21	18.794
3002.51	17.2253
3003.8	6.08325
3005.1	-0.90802
3006.39	-0.317871
3007.68	1.78766
3008.98	3.79828
3010.27	9.50885
3011.56	10.7656
3012.85	7.54272
3014.15	-1.32867
3015.44	5.30835
3016.73	13.1299
3018.02	9.81616
3019.31	9.65131
3020.6	24.6929
3021.89	16.1362
3023.18	9.96625
3024.48	8.61755
3025.77	12.3865
3027.06	18.7988
3028.35	16.604
3029.64	9.40173
3030.92	11.3341
3032.21	10.1169
3033.5	-5.7038
3034.79	1.24219
3036.08	13.5405
3037.37	20.0435
3038.66	21.9734
3039.94	7.39197
3041.23	5.98236
3042.52	14.9065
3043.81	10.0443
3045.09	9.34412
3046.38	14.7729
3047.67	3.41321
3048.95	1.30206
3050.24	8.3822
3051.53	2.97693
3052.81	-6.67084
3054.1	-9.50439
3055.38	-15.8047
3056.67	-17.5378
3057.95	-15.7881
3059.24	-11.5821
3060.52	0.367859
3061.8	-8.33533
3063.09	-6.13971
3064.37	1.29199
3065.65	1.71393
3066.94	-2.83075
3068.22	-5.65656
3069.5	0.455139
3070.79	-2.37128
3072.07	-9.49377
3073.35	-3.55566
3074.63	0.220215
3075.91	9.94073
3077.19	8.63147
3078.48	-0.136963
3079.76	-11.4392
3081.04	-0.0822144
3082.32	-1.32074
3083.6	-8.0188
3084.88	-8.70886
3086.16	-5.008
3087.44	3.70148
3088.72	4.19861
3090	5.39734
3091.27	-5.82916
3092.55	-14.0844
3093.83	-8.37518
3095.11	3.22852
3096.39	7.12653
3097.67	3.8761
3098.94	7.24969
3100.22	2.79785
3101.5	0.400208
3102.77	4.28326
3104.05	2.29474
3105.33	9.00049
3106.6	13.1946
3107.88	5.97504
3109.16	-4.14874
3110.43	-4.51898
3111.71	1.65143
3112.98	-8.96802
3114.26	-14.8549
3115.53	-3.11969
3116.81	2.99951
3118.08	3.35223
3119.35	14.9455
3120.63	10.1288
3121.9	6.73859
3123.18	7.01929
3124.45	16.1937
3125.72	17.9587
3126.99	12.6343
3128.26	12.4017
3129.54	20.8834
3130.81	14.6191
3132.08	20.5502
3133.35	18.0435
3134.63	8.22217
3135.9	5.59021
3137.17	6.32495
3138.44	11.2216
3139.71	14.8578
3140.98	24.052
3142.25	14.7459
3143.52	20.3808
3144.79	24.2796
3146.06	1.83618
3147.33	10.6541
3148.59	3.53967
3149.86	9.03632
3151.13	7.69147
3152.4	6.12598
3153.67	17.6315
3154.94	7.42584
3156.2	19.2957
3157.47	16.9083
3158.74	5.2652
3160.01	19.4946
3161.27	13.6118
3162.54	8.34436
3163.8	13.2891
3165.07	10.6955
3166.34	4.65027
3167.6	12.5272
3168.87	15.9556
3170.13	12.6649
3171.4	6.4649
3172.66	18.8376
3173.93	6.07068
3175.19	9.75482
3176.46	4.87952
3177.72	15.619
3178.98	7.76154
3179.83	-0.229675
3181.09	4.66528
3182.36	17.7193
3183.62	3.59131
3184.89	8.80835
3186.15	8.66272
3187.42	20.1441
3188.68	12.6587
3189.95	18.442
3191.21	15.8599
3192.47	14.5021
3193.74	17.1753
3195	21.1995
3196.26	9.07379
3197.53	-0.785461
3198.79	3.08496
3200.05	2.89862
3201.32	2.10748
3202.58	-2.08582
3203.84	-2.42871
3205.1	-7.80975
3206.36	3.79681
3207.62	-8.81879
3208.89	-1.31927
3210.15	-11.1069
3211.41	13.4205
3212.67	14.2238
3213.93	14.2535
3215.19	9.52209
3216.45	1.61084
3217.71	2.479
3218.97	0.940674
3220.23	7.84503
3221.48	21.1068
3222.74	18.5715
3224	8.09698
3225.26	8.42786
3226.52	12.7025
3227.77	-8.88702
3229.03	-6.82434
3230.29	-8.88385
3231.55	-2.927
3232.8	-3.72101
3234.06	0.886902
3235.32	-2.35297
3236.57	1.5694
3237.83	-2.6214
3239.09	-5.98315
3240.34	7.51373
3241.6	0.618164
3242.85	3.75848
3244.11	-3.27869
3245.36	-5.98737
3246.62	-1.4494
3247.87	-0.971436
3249.12	-17.817
3250.38	-5.58405
3251.63	7.2973
3252.89	-0.971619
3254.14	2.80695
3255.39	-10.7719
3256.64	-7.70282
3257.9	6.57147
3259.15	9.02179
3260.4	8.57941
3261.65	-8.40533
3262.91	0.707764
3264.16	9.7644
3265.41	7.34601
3266.66	11.3579
3267.91	3.05365
3269.16	-14.4734
3270.41	5.43182
3271.66	3.48615
3272.91	0.522949
3274.16	1.7027
3275.41	7.61676
3276.66	10.8824
3277.91	5.65356
3279.16	4.64539
3280.41	1.63281
3281.66	8.97028
3282.9	-2.31293
3284.15	-1.38892
3285.4	4.73462
3286.65	-0.683289
3287.89	6.54254
3289.14	2.92059
3290.39	-1.47986
3291.64	1.20844
3292.88	13.264
3294.13	12.717
3295.38	7.72565
3296.62	1.93646
3297.87	10.4283
3299.11	4.55731
3300.36	11.5446
3301.6	10.0007
3302.85	14.544
3304.09	9.43286
3305.34	7.84058
3306.58	8.65918
3307.83	6.87836
3309.07	9.81421
3310.31	17.3474
3311.56	8.72321
3312.8	13.9122
3314.04	10.6902
3315.29	13.0174
3316.53	21.1545
3317.77	6.34003
3319.01	7.42688
3320.25	22.0957
3321.49	14.2676
3322.74	6.80847
3323.98	7.28741
3325.22	17.2437
3326.46	10.7325
3327.7	15.2746
3328.94	17.2285
3330.18	24.1499
3331.42	15.4713
3332.66	22.8229
3333.9	27.0038
3335.14	13.332
3336.38	10.6924
3337.62	12.2344
3338.86	10.6675
3340.1	18.6313
3341.33	13.7553
3342.57	9.60236
3343.81	13.7957
3345.05	14.4716
3346.28	8.12042
3347.52	8.41132
3348.76	14.0336
3350	19.6765
3351.23	17.4999
3352.47	14.4724
3353.71	16.8926
3354.94	19.4028
3356.18	22.8729
3357.41	18.5001
3358.65	8.44537
3359.88	11.1771
3361.12	16.7905
3362.35	9.8623
3363.59	15.1533
3364.82	14.8211
3366.05	7.76801
3367.29	0.886902
3368.52	5.75751
3369.76	10.8172
3370.99	10.2898
3372.22	7.96967
3373.46	5.39099
3374.69	9.33545
3375.92	9.02661
3377.15	7.46979
3378.38	6.18024
3379.62	3.95728
3380.85	2.97144
3382.08	1.38873
3383.31	9.13922
3384.54	8.52106
3385.77	-0.619995
3387	4.37823
3388.23	3.70917
3389.46	9.06842
3390.69	4.23535
3391.92	11.2032
3393.15	10.8306
3394.38	3.11761
3395.61	11.3582
3396.84	11.7697
3398.07	14.2477
3399.3	13.2785
3400.52	14.0748
3401.75	12.9495
3402.98	16.1361
3404.21	18.5484
3405.44	21.3523
3406.66	19.8191
3407.89	21.7961
3409.12	17.2149
3410.34	21.3482
3411.57	12.1316
3412.79	19.3608
3414.02	18.8687
3415.25	21.5414
3416.47	16.7166
3417.7	13.0851
3418.92	20.5616
3420.15	12.4877
3421.37	13.7758
3422.6	14.5519
3423.82	19.387
3425.04	17.1108
3426.27	30.0162
3427.49	28.3376
3428.72	22.1479
3429.94	15.1218
3431.16	15.114
3432.38	25.3886
3433.61	30.0562
3434.83	13.6477
3436.05	17.5515
3437.27	15.2785
3438.5	20.7502
3439.72	23.785
3440.94	24.7094
3442.16	18.1984
3443.38	12.772
3444.6	16.2958
3445.82	28.0593
3447.04	27.5245
3448.26	24.4579
3449.48	26.8423
3450.7	28.7098
3451.92	13.559
3453.14	16.2922
3454.36	21.4688
3455.58	22.1098
3456.8	24.4789
3458.01	24.6187
3459.23	25.0339
3460.45	17.5923
3461.67	19.1434
3462.89	21.1708
3464.1	23.6722
3465.32	23.5831
3466.54	24.3971
3467.75	15.7015
3468.97	8.29248
3470.19	16.7487
3471.4	27.1769
3472.62	26.6757
3473.83	11.4563
3475.05	17.747
3476.27	13.6013
3477.48	30.9868
3478.7	31.6441
3479.91	25.6465
3481.13	21.903
3482.34	27.3323
3483.55	24.5972
3484.77	26.7322
3485.98	35.7487
3487.19	25.6666
3488.41	20.7212
3489.62	16.8897
3490.83	14.759
3492.05	19.2205
3493.26	26.5483
3494.47	30.0643
3495.68	26.9375
3496.89	21.0286
3498.11	31.3238
3499.32	27.8539
3500.53	23.8657
3501.74	19.482
3502.95	21.0596
3504.16	18.7313
3505.37	24.007
3506.58	23.2922
3507.79	23.7355
3509	18.2463
3510.21	19.6676
3511.42	22.5676
3512.63	10.6751
3513.84	17.5685
3515.05	23.4211
3516.26	17.3135
3517.46	22.8691
3518.67	12.0754
3519.88	13.0909
3521.09	19.47
3522.3	17.3105
3523.5	14.3547
3524.71	11.9742
3525.92	11.1558
3527.12	16.8257
3528.33	3.4939
3529.54	4.92395
3530.74	11.8276
3531.95	9.22455
3533.15	11.0698
3534.36	6.97882
3535.57	13.5259
3536.77	13.693
3537.97	9.31769
3539.18	4.70233
3540.38	5.38831
3541.59	5.79236
3542.79	2.32733
3544	-1.34558
3545.2	13.5699
3546.4	12.8487
3547.61	7.52527
3548.81	3.69867
3550.01	6.85071
3551.21	1.62787
3552.42	15.3355
3553.62	4.72607
3554.82	9.18793
3556.02	-2.63232
3557.22	6.50977
3558.43	8.19629
3559.63	3.83582
3560.83	12.8433
3562.03	6.94348
3563.23	0.431946
3564.43	1.90704
3565.63	4.53595
3566.83	-0.92572
3568.03	5.64935
3569.23	-1.77209
3570.43	2.84271
3571.63	6.73151
3572.83	7.91858
3574.02	4.33179
3575.22	7.19965
3576.42	-2.42303
3577.62	3.77948
3578.82	6.37988
3580.02	0.593384
3581.21	-5.20209
3582.41	-0.121582
3583.61	0.848267
3584.8	1.06744
3586	-6.67841
3587.2	-0.727112
3588.4	-0.390869
3589.59	-12.205
3590.79	-14.2235
3591.98	-3.97211
3593.18	3.3866
3594.37	1.09973
3595.57	0.712158
3596.76	-5.90186
3597.81	-1.60999
3599.01	-0.602234
3600.21	-5.79199
3601.4	1.25812
3602.6	0.196167
3603.8	5.80737
3604.99	-3.45587
3606.19	-1.7915
3607.38	6.74792
3608.58	2.57483
3609.77	0.755432
3610.97	4.88507
3612.16	2.99658
3613.36	0.776367
3614.55	2.10535
3615.75	-1.96027
3616.94	-0.759644
3618.13	-12.8311
3619.33	-2.57544
3620.52	2.9505
3621.71	7.00848
3622.91	-5.1886
3624.1	-2.58405
3625.29	8.36035
3626.48	4.21338
3627.68	-10.5703
3628.87	-1.68158
3630.06	-2.72467
3631.25	0.672546
3632.44	-2.28937
3633.63	-13.7183
3634.82	-0.789368
3636.02	-14.9866
3637.21	-3.51691
3638.4	7.6178
3639.59	3.49249
3640.78	-0.36438
3641.97	-16.0547
3643.16	-4.09973
3644.34	1.42218
3645.53	-13.189
3646.72	-5.69946
3647.91	-14.311
3649.1	-4.85272
3650.29	-4.35876
3651.48	-2.72144
3652.67	-5.88098
3653.85	-4.75238
3655.04	-0.0848389
3656.23	-9.68011
3657.42	-1.29968
3658.6	-11.6088
3659.79	-14.826
3660.97	-6.05774
3662.16	-13.6682
3663.35	-8.98523
3664.53	0.617798
3665.72	-9.38525
3666.9	-7.85394
3668.09	7.8703
3669.28	-8.3786
3670.46	4.6203
3671.65	-3.53973
3672.83	-7.3512
3674.01	0.946289
3675.2	7.51544
3676.38	5.82654
3677.57	4.23053
3678.75	-1.15912
3679.93	5.54077
3681.12	0.475525
3682.3	-2.26556
3683.48	-6.99799
3684.67	-5.87042
3685.85	-3.38684
3687.03	5.11932
3688.21	9.45819
3689.39	12.0444
3690.58	6.02795
3691.76	10.921
3692.94	6.14282
3694.12	15.0477
3695.3	12.7142
3696.48	12.5442
3697.66	6.32153
3698.84	10.4796
3699.19	12.604
