61.6482	155.297
63.4877	78.9893
65.3269	44.2142
67.1635	37.1318
69.002	9.7572
70.8401	7.67346
72.6756	1.31409
74.513	1.54333
76.35	-7.03809
78.1866	-3.73743
80.0208	-4.57666
81.8567	17.374
83.6923	58.9739
85.5253	82.6624
87.3602	110.266
89.1925	161.029
91.0267	220.177
92.8604	295.144
94.6917	383.378
96.5247	561.617
98.3574	742.404
100.188	935.104
102.02	1034.52
103.849	1050.78
105.68	986.42
107.509	828.943
109.34	686.874
111.168	510.576
112.997	373.614
114.827	282.386
116.654	207.93
118.483	144.179
120.309	86.8472
122.137	68.3002
123.962	64.7006
125.79	48.5874
127.615	42.8634
129.439	29.4677
131.265	31.5924
133.089	20.7434
134.915	43.1882
136.738	34.249
138.562	45.116
140.385	30.9968
142.207	46.678
144.03	24.9615
145.852	15.3098
147.675	36.5168
149.495	34.5729
151.316	25.5072
153.137	30.804
154.957	26.6115
156.776	17.9979
158.597	7.1571
160.415	21.4735
162.233	8.38745
164.053	7.94153
165.871	13.9523
167.688	23.386
169.506	17.5183
171.323	3.01404
173.139	7.99158
174.954	7.33484
176.772	-9.36609
178.586	-5.84045
180.401	-1.29272
182.215	3.20532
184.031	-13.1952
185.844	9.36206
187.658	12.5948
189.47	32.0034
191.283	23.2413
193.097	27.8452
194.909	15.8328
196.72	12.1351
198.531	11.7798
200.342	9.1665
202.152	10.1475
203.962	-2.51599
205.773	8.28589
207.583	14.3922
209.392	-1.97437
211.2	1.71191
213.008	-7.11536
214.816	-0.609619
216.624	-5.95947
218.431	5.73901
220.237	4.08191
222.044	8.47754
223.85	8.47644
225.656	7.23352
227.461	15.3087
229.268	4.65015
231.073	-17.141
232.877	-9.68005
234.681	-12.067
236.485	-0.9823
238.286	-8.47864
240.089	-10.538
241.891	-37.6294
243.693	-5.62537
245.495	-3.79944
247.297	-6.91992
249.098	-3.53735
250.899	2.328
252.699	2.22583
254.499	-4.65845
256.299	-1.7478
258.098	-2.34082
259.897	-0.218506
261.694	-5.25476
263.492	-10.1659
265.29	9.6095
267.088	3.32263
268.885	11.4205
270.682	21.6376
272.479	23.219
274.273	24.4581
276.069	14.2649
277.865	28.4661
279.66	15.5519
281.455	15.3645
283.247	16.4985
285.041	7.71362
286.835	34.5533
288.629	15.1674
290.42	19.1812
292.212	11.6495
294.005	19.3698
295.797	5.81812
297.587	3.13965
299.378	22.0571
301.169	6.12183
302.958	0.190796
304.748	-15.441
306.538	-1.04321
308.326	-22.9576
310.115	-6.22668
311.904	-7.95789
313.69	7.02478
315.479	5.37927
317.267	5.72852
319.052	0.0202637
320.839	-4.10205
322.624	-21.9971
324.411	-5.9541
326.197	-2.24866
327.981	-10.4863
329.766	0.158936
331.549	2.48792
333.334	8.37109
335.116	15.6622
336.901	-2.02136
338.682	-8.57532
340.466	-0.82312
342.247	14.2141
344.03	19.2928
345.81	15.276
347.592	15.0975
349.372	25.8052
351.153	16.5269
352.932	17.7516
354.713	17.7734
356.491	34.4054
358.271	52.5636
360.048	26.9529
361.826	12.624
363.605	31.4052
365.381	16.6576
367.16	14.2521
368.935	29.1809
370.711	35.9377
372.488	32.725
374.263	17.6793
376.038	11.0406
377.814	13.6625
379.588	10.5736
381.361	28.6746
383.136	37.7166
384.909	19.6204
386.682	15.0798
388.456	33.0228
390.228	31.0323
391.999	39.0674
393.77	30.6729
395.543	15.9368
397.313	19.1771
399.083	15.3982
400.853	9.10791
402.625	17.6086
404.394	-1.71484
406.162	9.96057
407.931	-9.74768
409.701	6.53638
411.468	-10.6223
413.236	7.62695
415.003	9.44568
416.769	14.948
418.536	10.6162
420.302	17.4392
422.069	33.3048
423.835	13.1399
425.6	5.72815
427.364	9.20532
429.129	24.3621
430.893	18.2603
432.656	7.04138
434.419	22.3514
436.182	17.9723
437.945	0.250732
439.707	13.5116
441.471	-3.03955
443.233	6.31213
444.994	23.073
446.755	40.0446
448.515	27.9359
450.276	4.95349
452.036	-1.80627
453.795	16.9731
455.554	-9.92725
457.311	-11.2896
459.07	-5.11218
460.828	-5.59583
462.586	-14.8096
464.343	-17.5468
466.101	-10.1757
467.857	-5.10059
469.614	11.7687
471.37	15.4757
473.126	16.4127
474.881	21.2526
476.637	52.024
478.389	57.2539
480.144	69.5055
481.898	128.536
483.652	121.007
485.405	129.464
487.159	115.938
488.909	84.4137
490.662	67.2155
492.414	40.7397
494.166	46.3877
495.917	41.2065
497.666	19.8433
499.417	42.6064
501.168	45.3162
502.918	34.8262
504.665	38.8104
506.415	37.3053
508.164	34.0431
509.911	39.3961
511.659	45.3696
513.407	40.2813
515.155	46.9426
516.901	40.4197
518.648	37.3619
520.395	36.9236
522.139	53.743
523.885	46.2993
525.629	41.9287
527.374	34.796
529.12	42.0791
530.862	34.1379
532.607	6.32458
534.351	16.142
536.093	55.4742
537.836	36.3685
539.577	37.8633
541.32	35.975
543.06	30.2028
544.803	11.7496
546.542	34.3707
548.284	25.7306
550.023	27.999
551.764	24.618
553.502	26.0026
555.242	24.5103
556.98	29.1915
558.719	33.2383
560.457	24.6847
562.195	43.0375
563.932	52.7029
565.67	56.4519
567.406	64.9937
569.143	88.0746
570.878	92.8971
572.613	91.7838
574.35	66.1714
576.084	58.3409
577.82	44.3392
579.553	28.0668
581.286	33.2498
583.021	34.1649
584.754	3.05042
586.486	28.2673
588.22	20.0227
589.951	38.1152
591.682	17.6331
593.415	16.7371
595.146	18.1733
596.876	3.18201
598.606	39.6254
600.337	37.2437
602.066	5.43811
603.795	23.1252
605.524	41.1471
607.254	31.7849
608.982	41.3663
610.71	64.3928
612.437	69.6614
614.164	91.3027
615.892	134.383
617.618	204.686
619.344	327.575
621.07	488.956
622.795	598.572
624.52	572.471
626.247	494.871
627.971	381.855
629.695	236.497
631.419	185.471
633.142	118.876
634.865	107.945
636.588	83.8225
638.31	69.4751
640.032	87.712
641.753	55.3171
643.475	49.1631
645.196	50.974
646.917	27.3439
648.637	35.8195
650.359	21.704
652.079	32.259
653.798	34.7623
655.515	23.7487
657.234	43.0577
658.952	49.3264
660.67	29.0438
662.388	30.9996
664.105	29.5911
665.822	23.1334
666.019	22.814
667.74	13.7072
669.458	9.38171
671.178	3.47925
672.896	-16.9746
674.615	-32.9681
676.333	-16.3403
678.051	-15.7803
679.768	-34.4873
681.484	-30.3738
683.202	-22.8164
684.917	5.85669
686.634	9.83289
688.349	-23.2665
690.064	-16.5979
691.78	-8.22217
693.494	-2.5354
695.207	3.47473
696.922	13.0231
698.635	5.66711
700.348	14.6541
702.062	12.4943
703.774	16.5897
705.486	25.3733
707.199	24.3031
708.91	4.77502
710.62	12.1378
712.333	21.3939
714.043	2.15771
715.752	18.7535
717.462	9.11169
719.173	-2.54504
720.881	-13.6635
722.59	10.8481
724.298	18.191
726.007	32.0277
727.715	11.5073
729.422	1.5675
731.129	32.4879
732.835	3.89758
734.541	5.34973
736.249	12.074
737.954	40.3843
739.659	26.0403
741.364	13.2444
743.069	12.5681
744.773	18.8165
746.477	41.1787
748.182	10.6239
749.885	36.4207
751.588	36.1479
753.291	40.894
754.993	38.1456
756.695	19.5764
758.397	31.2101
760.098	22.5342
761.799	2.20288
763.499	20.6234
765.2	30.3429
766.9	50.2958
768.599	31.3519
770.299	37.3647
771.998	48.1842
773.696	56.4937
775.395	71.953
777.093	93.1785
778.791	111.882
780.488	122.012
782.185	112.644
783.882	83.2872
785.578	72.8127
787.274	61.808
788.97	-3.41101
790.666	44.205
792.359	8.11682
794.054	7.01013
795.748	-6.00537
797.443	-1.73267
799.137	4.96387
800.83	0.877319
802.523	8.80115
804.214	4.15735
805.907	-2.099
807.599	2.73389
809.291	12.181
810.983	-6.92371
812.674	4.72693
814.363	16.7189
816.054	6.5498
817.745	24.567
819.435	0.811401
821.122	-10.1466
822.812	8.35571
824.501	11.6832
826.19	19.3623
827.876	40.3835
829.565	55.3282
831.253	29.6107
832.938	39.3541
834.625	15.1348
836.312	-5.7782
837.999	4.31311
839.683	-28.9163
841.369	31.9285
843.053	19.5679
844.738	24.2865
846.423	24.99
848.106	26.1497
849.79	12.1362
851.474	17.5897
853.156	14.705
854.84	15.7014
856.521	26.7526
858.203	-15.0201
859.886	22.7848
861.566	23.2692
863.248	11.7529
864.928	12.8281
866.609	18.4619
868.288	21.584
869.968	35.2838
871.647	45.1925
873.327	39.843
875.004	19.2836
876.684	22.9766
878.361	30.7679
880.039	24.0813
881.716	13.5752
883.394	-2.31653
885.07	20.8624
886.745	-5.70007
888.422	11.5818
890.097	0.387085
891.774	-8.19983
893.448	13.4895
895.122	-7.65796
896.798	-8.27258
898.471	17.1205
900.146	-2.58276
901.819	12.6494
903.491	-2.98401
905.165	10.9857
906.837	-10.1058
908.508	1.77136
910.181	24.3937
911.852	5.34265
913.522	10.8413
915.195	24.017
916.864	15.8972
918.534	-20.1704
920.203	1.66541
921.874	8.58228
923.543	16.9875
925.211	9.55505
926.879	30.2408
928.549	-0.977173
930.216	34.2988
931.883	15.4154
933.55	28.9507
935.216	15.4403
936.884	15.4293
938.55	5.3501
940.216	37.3784
941.881	19.9677
943.546	15.7618
945.21	6.60876
946.875	16.1202
948.54	-3.40662
950.204	30.4962
951.867	9.15332
953.53	20.556
955.193	20.8528
956.856	28.0018
958.518	4.35852
960.179	18.4235
961.841	36.2323
963.502	28.1968
965.163	34.5621
966.823	42.2825
968.484	30.9366
970.144	3.92236
971.803	14.4377
973.463	27.5353
975.122	29.046
976.78	34.8961
978.439	25.7496
980.097	40.8745
981.754	40.8228
983.412	50.8738
985.069	44.0377
986.726	49.8907
988.382	39.0385
990.039	35.8638
991.695	62.8152
993.35	75.1697
995.005	99.4005
996.659	139.247
998.313	151.866
999.968	160.63
1001.62	157.401
1003.28	167.861
1004.93	149.179
1006.58	109.042
1008.23	76.4718
1009.89	53.8306
1011.54	63.7383
1013.19	32.907
1014.84	25.8918
1016.49	21.293
1018.14	23.6062
1019.79	31.8914
1021.44	43.7083
1023.09	34.3811
1024.74	29.26
1026.39	26.5293
1028.04	56.5518
1029.69	33.4855
1031.33	38.257
1032.98	63.3864
1034.63	96.3887
1036.28	134.96
1037.92	180.669
1039.57	232.485
1041.22	268.499
1042.86	295.644
1044.51	338.33
1046.15	346.947
1047.8	330.516
1049.44	258.362
1051.09	198.104
1052.73	148.622
1054.37	113.628
1056.01	78.0353
1057.66	65.4728
1059.3	45.9634
1060.94	55.3337
1062.59	42.7534
1064.23	51.6008
1065.87	31.22
1067.51	11.1835
1069.15	16.2408
1070.79	32.3293
1072.43	33.4414
1074.07	27.6923
1075.71	1.29944
1077.35	1.61108
1078.98	13.4161
1080.62	14.1608
1082.26	8.63147
1083.9	27.0492
1085.54	19.4755
1087.18	14.7405
1088.81	5.74622
1090.45	24.7731
1092.08	27.7671
1093.72	35.3866
1095.35	25.6405
1096.99	18.4352
1098.62	9.72351
1100.26	10.2515
1101.89	28.3693
1103.53	29.4471
1105.16	17.1207
1106.79	35.5542
1108.43	20.2493
1110.06	46.1422
1111.69	44.8839
1113.32	53.028
1114.96	68.8832
1116.59	66.4224
1118.22	90.5564
1119.85	78.8309
1121.48	93.5967
1123.11	95.5291
1124.74	68.73
1126.37	45.3583
1128	34.9364
1129.63	39.5756
1131.25	22.0389
1132.88	10.2477
1134.51	13.451
1136.14	10.9149
1137.77	1.81262
1139.39	-2.31909
1141.02	4.70386
1142.64	18.0725
1144.27	11.7754
1145.9	-11.7535
1147.52	-10.3894
1149.15	-17.9633
1150.77	-14.98
1152.4	-15.7976
1154.02	-8.98816
1155.64	-17.9309
1157.27	-19.1638
1158.89	-7.75818
1160.51	-12.3771
1162.14	-15.3091
1163.76	-6.08948
1165.38	-14.4777
1167	-13.571
1168.62	-12.1412
1170.24	-16.3792
1171.86	-21.8082
1173.48	-26.1445
1175.1	-19.4912
1176.72	-39.5507
1178.34	-24.7468
1179.96	-15.6646
1181.58	-20.583
1183.2	-8.2085
1184.82	-28.0471
1186.43	-16.9589
1188.05	-10.1245
1189.67	-13.6516
1191.29	-14.7131
1192.9	-12.7656
1194.52	-14.127
1196.13	-15.6449
1197.75	-38.7871
1199.36	-24.6609
1200.98	-20.2242
1202.59	-23.4823
1204.21	-23.1833
1205.82	4.00415
1207.44	18.7959
1209.05	11.3496
1210.66	-10.8097
1212.27	-36.4955
1213.89	-7.44189
1215.5	13.9706
1217.11	25.8073
1218.72	21.855
1220.33	34.7678
1221.95	42.4932
1223.56	36.3433
1225.17	44.6271
1226.78	48.9375
1228.39	26.2607
1230	28.3748
1231.6	13.7191
1233.21	-11.1261
1234.82	-23.7157
1235.39	-23.7731
1237	-5.02869
1238.61	-25.4042
1240.22	-0.842285
1241.84	1.06433
1243.45	-22.804
1245.05	-30.5059
1246.66	-27.3044
1248.27	-36.3676
1249.88	-23.5372
1251.49	-23.1481
1253.1	-4.13354
1254.7	-15.6755
1256.31	0.263184
1257.92	0.118164
1259.53	13.8666
1261.13	4.86877
1262.74	-8.25708
1264.34	-16.4991
1265.95	-32.9319
1267.55	-0.508179
1269.16	2.69971
1270.76	-3.40515
1272.37	1.88354
1273.97	-9.54846
1275.57	5.58337
1277.18	4.255
1278.78	25.1569
1280.38	31.5499
1281.98	35.8928
1283.59	40.3269
1285.19	41.7344
1286.79	41.8521
1288.39	49.9025
1289.99	66.0216
1291.59	62.6873
1293.19	65.37
1294.79	59.1949
1296.39	30.9104
1297.99	34.4104
1299.59	21.0645
1301.19	17.5175
1302.78	-10.3112
1304.38	0.896484
1305.98	17.5736
1307.58	0.708618
1309.18	-16.0767
1310.77	-14.005
1312.37	-15.8761
1313.96	-16.2313
1315.56	-3.39722
1317.16	5.67102
1318.75	-2.26563
1320.35	23.489
1321.94	30.8763
1323.54	23.4703
1325.13	17.8271
1326.72	25.014
1328.32	29.339
1329.91	3.48157
1331.5	33.2841
1333.09	13.4318
1334.69	18.9338
1336.28	-5.70886
1337.87	21.7095
1339.46	1.31555
1341.05	4.81372
1342.64	2.5636
1344.23	1.11292
1345.82	-6.11389
1347.41	17.426
1349	3.19275
1350.59	8.33459
1352.18	13.0953
1353.77	29.4198
1355.36	19.2699
1356.94	21.0884
1358.53	6.84827
1360.12	18.2148
1361.71	25.6918
1363.29	13.1042
1364.88	7.71826
1366.46	15.1703
1368.05	24.7695
1369.63	26.5447
1371.22	27.0674
1372.8	34.6146
1374.39	32.3442
1375.97	24.1588
1377.56	20.2323
1379.14	33.4954
1380.73	33.4535
1382.31	35.6521
1383.89	19.7881
1385.47	16.4382
1387.05	41.6819
1388.64	52.7134
1390.22	44.8695
1391.8	31.2568
1393.38	27.235
1394.96	36.1505
1396.54	36.8789
1398.12	41.9963
1399.7	64.1077
1401.28	61.4623
1402.86	59.5034
1404.44	79.2241
1406.02	58.1752
1407.59	48.848
1409.17	80.4005
1410.75	110.061
1412.33	103.1
1413.9	108.515
1415.48	119.306
1417.06	123.533
1418.63	144.845
1420.21	170.839
1421.78	195.718
1423.36	213.813
1424.93	251.549
1426.51	298.826
1428.08	318.313
1429.66	371.307
1431.23	394.243
1432.8	437.979
1434.38	435.487
1435.95	408.057
1437.52	383.521
1439.09	310.075
1440.67	260.62
1442.24	240.062
1443.81	204.105
1445.38	162.921
1446.95	131.119
1448.52	96.2971
1450.09	86.0173
1451.66	69.7883
1453.23	38.7339
1454.8	31.9744
1456.37	35.7146
1457.94	34.7501
1459.5	13.3845
1461.07	9.07898
1462.64	-2.52026
1464.21	23.0808
1465.77	17.5981
1467.34	14.0106
1468.91	24.8972
1470.47	13.8904
1472.04	19.3303
1473.6	40.0452
1475.17	32.0868
1476.73	24.0815
1478.3	36.6066
1479.86	48.4934
1481.43	43.2827
1482.99	55.8929
1484.56	76.8979
1486.12	72.5958
1487.68	90.2521
1489.24	110.694
1490.81	130.169
1492.37	132.392
1493.93	138.239
1495.49	174.459
1497.05	176.004
1498.61	203.299
1500.17	226.279
1501.73	271.87
1503.29	289.569
1504.85	286.115
1506.41	274.415
1507.97	256.536
1509.53	215.566
1511.09	199.947
1512.65	166.628
1514.2	150.978
1515.76	128.339
1517.32	115.392
1518.88	95.1163
1520.43	69.6302
1521.99	66.5583
1523.54	55.9133
1525.1	61.5546
1526.65	42.5353
1528.21	44.1146
1529.76	48.7205
1531.32	14.5446
1532.87	10.7811
1534.43	13.8856
1535.98	-1.69312
1537.53	-10.4554
1539.09	-24.6844
1540.64	-24.6741
1542.19	-5.50635
1543.75	-9.16846
1545.3	-7.63672
1546.85	-17.3622
1548.4	-15.703
1549.95	-6.54382
1551.5	-2.86182
1553.05	-6.46802
1554.6	-1.93372
1556.15	8.29626
1557.7	7.6134
1559.25	-8.2384
1560.8	2.85974
1562.35	10.218
1563.9	-5.66772
1565.44	12.2976
1566.99	1.29224
1568.54	-3.07166
1570.09	-1.87634
1571.63	3.35547
1573.18	5.09192
1574.73	15.1036
1576.27	22.23
1577.82	10.7666
1579.36	25.5953
1580.91	39.6702
1582.45	41.0521
1584	47.1163
1585.54	57.649
1587.09	85.1544
1588.63	113.254
1590.17	100.538
1591.72	103.742
1593.26	131.608
1594.8	135.142
1596.34	129.039
1597.89	120.645
1599.43	78.8141
1600.97	71.8875
1602.51	88.9819
1604.05	64.4657
1605.59	48.2084
1607.13	13.8534
1608.67	30.9421
1610.21	29.7783
1611.75	18.0598
1613.29	22.2745
1614.83	31.04
1616.37	34.8555
1617.9	46.2858
1619.44	51.5084
1620.98	57.8898
1622.52	65.9565
1624.05	81.5886
1625.59	100.604
1627.13	110.843
1628.66	118.629
1630.2	162.178
1631.73	193.554
1633.27	231.251
1634.8	291.153
1636.34	331.051
1637.87	389.465
1639.41	395.294
1640.94	396.187
1642.47	385.682
1644.01	361.104
1645.54	311.242
1647.07	282.698
1648.61	239.066
1650.14	206.647
1651.67	169.243
1653.2	144.128
1654.73	140.679
1656.26	121.446
1657.79	101.257
1659.32	90.3334
1660.85	65.7605
1662.38	53.1351
1663.91	62.3004
1665.44	73.468
1666.97	66.6841
1668.5	25.371
1670.03	49.5143
1671.55	46.4916
1673.08	34.793
1674.61	15.9441
1676.14	13.8547
1677.66	16.7599
1679.19	23.9475
1680.72	25.3613
1682.24	17.1832
1683.77	19.1313
1685.29	29.4296
1686.82	35.0819
1688.34	40.3926
1689.87	45.0714
1691.39	56.47
1692.91	58.2638
1694.44	58.6803
1695.96	48.871
1697.48	63.0615
1699.01	61.5344
1700.53	48.6066
1702.05	49.7594
1703.57	51.4647
1705.1	37.8225
1706.62	31.9377
1708.14	24.8934
1709.66	18.4978
1711.18	22.4027
1712.7	26.7684
1714.22	3.99072
1715.74	6.50061
1717.26	26.6764
1718.78	0.106812
1720.3	34.7406
1721.81	10.8049
1723.33	1.71326
1724.85	11.2373
1726.37	-28.0735
1727.89	-18.9794
1729.4	-4.62622
1730.92	0.58374
1732.44	6.16064
1733.95	-8.06897
1735.47	22.1628
1736.98	22.6682
1738.5	1.36963
1740.01	1.92017
1741.53	-15.6124
1743.04	-26.0951
1744.56	1.29309
1746.07	-9.61743
1747.58	-24.8396
1749.1	-28.9753
1750.61	-25.7301
1752.12	4.59436
1753.64	3.854
1755.15	3.25134
1756.66	3.83325
1758.17	-11.6526
1759.68	3.93958
1761.19	0.224731
1762.71	15.6848
1764.22	10.3352
1765.73	1.58691
1767.24	18.698
1768.67	16.7943
1770.19	11.5802
1771.7	-4.65942
1773.21	-0.160522
1774.72	-38.2831
1776.23	-35.6689
1777.74	-9.40027
1779.25	-4.92896
1780.76	-23.8917
1782.27	18.1318
1783.78	-0.56543
1785.29	-15.343
1786.8	-3.43018
1788.31	2.1687
1789.82	-20.5325
1791.33	-21.673
1792.84	-18.0128
1794.34	-10.9518
1795.85	-0.463257
1797.36	-18.0988
1798.86	-7.00415
1800.37	-20.3237
1801.88	-9.07739
1803.38	4.73425
1804.89	17.6082
1806.39	-2.23669
1807.9	-3.95996
1809.4	0.627563
1810.91	-8.68713
1812.41	12.0414
1813.92	8.47595
1815.42	11.8524
1816.92	23.8049
1818.43	6.1167
1819.93	12.452
1821.43	1.71655
1822.93	-5.85205
1824.44	6.74158
1825.94	17.3934
1827.44	-31.7466
1828.94	-1.14807
1830.44	-13.4565
1831.94	7.15198
1833.44	6.16785
1834.94	8.43298
1836.44	2.63037
1837.94	21.9871
1839.44	3.22546
1840.94	-10.0475
1842.44	-6.7981
1843.94	-9.5824
1845.44	12.687
1846.93	9.82605
1848.43	-2.38586
1849.93	18.127
1851.43	21.564
1852.92	-2.92761
1854.42	21.1383
1855.92	17.6041
1857.41	11.8635
1858.91	-4.20325
1860.4	-5.68933
1861.9	16.1201
1863.39	16.0712
1864.89	1.36829
1866.38	-3.6709
1867.88	21.6145
1869.37	-2.92322
1870.86	-7.27429
1872.36	-12.5236
1873.85	-2.0155
1875.34	13.4387
1876.83	30.4261
1878.33	15.171
1879.82	25.2811
1881.31	23.6553
1882.8	32.3008
1884.29	4.75378
1885.78	9.54639
1887.27	-7.3645
1888.76	-8.08704
1890.25	-24.2563
1891.74	18.1392
1893.23	28.6564
1894.72	4.89868
1896.21	-5.61499
1897.7	-11.0775
1899.18	-3.21155
1900.67	-26.083
1902.16	-26.0758
1903.65	8.90637
1905.13	11.3066
1906.62	-0.344238
1908.11	8.45728
1909.59	15.9504
1911.08	3.98279
1912.56	-13.4647
1914.05	4.14539
1915.53	5.0376
1917.02	7.90454
1918.5	-5.71753
1919.99	25.4766
1921.47	25.4358
1922.96	26.4316
1924.44	13.7312
1925.92	7.06165
1927.41	10.1399
1928.89	11.6234
1930.37	18.1552
1931.85	4.84924
1933.33	0.939575
1934.82	18.3728
1936.3	22.9669
1937.78	18.41
1939.26	27.7762
1940.74	18.2286
1942.22	3.94104
1943.7	20.5765
1945.18	1.35706
1946.66	12.8195
1948.14	19.4182
1949.62	-6.14526
1951.09	-0.709351
1952.57	17.6354
1954.05	17.2581
1955.53	25.3254
1957.01	16.2448
1958.48	25.5195
1959.96	25.0963
1961.44	34.8641
1962.91	39.2644
1964.39	47.2214
1965.86	39.5543
1967.34	16.3314
1968.81	27.0022
1970.29	17.5706
1971.76	12.9832
1973.24	29.999
1974.71	16.3729
1976.19	26.6965
1977.66	27.8732
1979.13	8.88
1980.61	-2.30505
1982.08	21.1616
1983.55	33.3741
1985.02	19.9365
1986.5	34.5236
1987.97	40.9396
1989.44	35.3022
1990.91	36.2837
1992.38	29.231
1993.85	35.1028
1995.32	21.642
1996.79	39.8026
1998.26	26.5948
1999.73	34.2255
2001.2	30.8297
2002.67	20.8519
2004.14	9.0896
2005.61	17.572
2007.07	17.5286
2008.54	-0.162964
2010.01	13.1544
2011.48	30.0649
2012.94	0.330688
2014.41	13.0675
2015.88	8.29504
2017.34	16.0795
2018.81	19.1147
2020.27	21.4679
2021.74	34.6064
2023.21	16.9094
2024.67	23.183
2026.13	-0.531128
2027.6	0.525757
2029.06	-12.7264
2030.53	-6.06201
2031.99	19.4746
2033.45	23.1925
2034.91	15.0151
2036.38	14.887
2037.84	16.0001
2039.3	17.5011
2040.77	30.1888
2042.23	22.8199
2043.69	11.1376
2045.15	14.5304
2046.61	32.7598
2048.07	26.5254
2049.53	18.873
2050.99	24.9486
2052.45	21.8704
2053.91	16.4736
2055.37	-2.94458
2056.83	4.50122
2058.29	19.856
2059.74	19.6577
2061.2	25.6854
2062.66	20.1747
2064.12	15.8586
2065.57	25.5768
2067.03	18.9768
2068.49	0.653687
2069.95	-3.31531
2071.4	11.6355
2072.86	41.2294
2074.31	33.3485
2075.77	53.978
2077.22	56.318
2078.68	32.35
2080.13	24.986
2081.59	32.0872
2083.04	26.5995
2084.49	37.1855
2085.95	26.2874
2087.4	20.056
2088.85	41.9644
2090.31	47.9536
2091.76	41.6542
2093.21	37.2373
2094.66	35.1332
2096.11	14.3805
2097.57	13.4153
2099.02	-0.794434
2100.47	7.11584
2101.92	24.7468
2103.37	19.4404
2104.82	31.1537
2106.27	27.938
2107.72	11.4847
2109.17	10.7808
2110.62	22.4628
2112.07	35.5488
2113.51	26.8593
2114.96	23.7394
2116.41	17.7565
2117.86	30.1844
2119.31	48.7406
2120.75	36.9276
2122.2	16.2913
2123.65	15.1307
2125.09	9.45557
2126.54	31.3289
2127.98	45.4015
2129.43	42.478
2130.88	32.9554
2132.32	42.52
2133.76	36.6063
2135.21	41.5529
2136.65	29.1409
2138.1	27.927
2139.54	28.4122
2140.98	30.842
2142.43	40.6683
2143.87	32.5872
2145.31	45.0977
2146.75	36.1815
2148.2	20.5117
2149.64	31.0305
2151.08	47.5568
2152.52	45.2782
2153.96	39.1885
2155.4	56.6666
2156.84	52.5562
2158.28	47.1595
2159.72	47.3976
2161.16	38.9247
2162.6	47.8151
2164.04	47.4309
2165.48	43.0894
2166.92	48.594
2168.36	47.8536
2169.8	43.7463
2171.23	41.491
2172.67	30.9241
2174.11	32.1741
2175.55	40.16
2176.98	27.0297
2178.42	20.7975
2179.86	48.4946
2181.29	53.6495
2182.73	52.9373
2184.16	53.2983
2185.6	53.2628
2187.03	47.7509
2188.47	47.2477
2189.9	47.3748
2191.34	48.0826
2192.77	34.7097
2194.2	34.9893
2195.64	58.731
2197.07	55.6338
2198.5	49.9724
2199.94	52.6935
2201.37	61.6434
2202.8	60.068
2204.23	55.2299
2205.66	42.5753
2207.09	33.6504
2208.53	40.1594
2209.96	51.7264
2211.39	45.8628
2212.82	35.27
2214.25	46.0957
2215.68	41.4857
2217.11	20.8655
2218.53	27.9164
2219.96	31.1661
2221.39	39.5381
2222.82	41.0403
2224.25	26.9417
2225.68	18.8375
2227.1	19.8938
2228.53	21.6548
2229.96	29.8898
2231.39	26.9991
2232.81	37.6763
2234.24	46.8835
2235.66	43.4183
2237.09	42.7356
2238.52	27.3713
2239.94	34.2429
2241.37	37.5835
2242.79	12.0752
2244.21	23.4125
2245.64	34.0177
2247.06	26.1697
2248.49	34.7942
2249.91	40.9281
2251.33	15.5586
2252.76	16.4696
2254.18	26.0979
2255.6	29.6167
2257.02	11.6929
2258.45	2.14832
2259.87	14.2156
2261.29	-4.23987
2262.71	4.40784
2264.13	11.0005
2265.55	9.39844
2266.97	18.0881
2267.86	27.2493
2269.28	5.88293
2270.7	21.668
2272.13	38.494
2273.55	23.4854
2274.97	-8.0658
2276.39	8.5531
2277.81	16.4316
2279.23	2.198
2280.65	5.98718
2282.07	-5.82739
2283.49	14.4304
2284.91	18.9415
2286.33	21.7372
2287.75	-2.76465
2289.17	13.9767
2290.59	16.6248
2292.01	43.429
2293.43	15.6844
2294.84	4.14758
2296.26	21.7089
2297.68	6.61194
2299.1	-5.7207
2300.51	-13
2301.93	19.7529
2303.35	23.8807
2304.76	28.2804
2306.18	-1.69617
2307.59	26.0413
2309.01	13.9174
2310.42	-0.613159
2311.84	18.1484
2313.25	23.296
2314.67	14.6906
2316.08	16.5286
2317.5	25.7068
2318.91	-36.1317
2320.32	0.586914
2321.74	-1.70203
2323.15	11.2798
2324.56	3.68958
2325.97	-2.38733
2327.39	5.06055
2328.8	19.264
2330.21	30.2769
2331.62	-1.20728
2333.03	15.1687
2334.44	-2.5907
2335.85	-0.109253
2337.26	-17.6332
2338.67	-10.764
2340.08	9.2041
2341.49	-29.6948
2342.9	-23.9702
2344.31	4.0011
2345.72	-11.4316
2347.13	1.12756
2348.53	19.4198
2349.94	4.08081
2351.35	18.2417
2352.76	17.3214
2354.16	9.02319
2355.57	7.48376
2356.98	-8.11694
2358.39	16.9486
2359.79	6.9248
2361.2	3.32446
2362.6	-9.12988
2364.01	22.826
2365.41	-7.57227
2366.82	-16.1622
2368.22	-46.4515
2369.63	-10.9932
2371.03	-6.79028
2372.43	-5.16077
2373.84	2.65454
2375.24	-5.97278
2376.65	8.07996
2378.05	-17.7703
2379.45	-8.23657
2380.85	-8.62378
2382.25	-12.0439
2383.66	3.20325
2385.06	-9.8844
2386.46	-7.9812
2387.86	-16.3354
2389.26	15.288
2390.66	8.88574
2392.06	-8.30054
2393.46	-21.5791
2394.86	-18.423
2396.26	-15.6147
2397.66	14.9323
2399.06	-4.47498
2400.46	0.549927
2401.86	7.46411
2403.26	13.585
2404.65	16.7615
2406.05	-10.1636
2407.45	3.63623
2408.85	3.97644
2410.24	-1.23242
2411.64	9.0177
2413.04	1.68604
2414.43	5.42065
2415.83	14.4918
2417.23	-4.34106
2418.62	5.09399
2420.02	14.309
2421.41	4.52124
2422.81	3.58691
2424.2	6.53687
2425.59	25.7985
2426.99	5.54993
2428.38	15.453
2429.78	22.3667
2431.17	37.7229
2432.56	29.5192
2433.95	22.9635
2435.35	33.6563
2436.74	23.9176
2438.13	22.7009
2439.52	18.1271
2440.91	28.1073
2442.31	37.551
2443.7	4.60693
2445.09	23.7806
2446.48	21.2788
2447.87	23.604
2449.26	32.6292
2450.65	66.6328
2452.04	64.0625
2453.43	31.9824
2454.82	28.0066
2456.2	40.2404
2457.59	30.9738
2458.98	37.5669
2460.37	19.3926
2461.76	19.0532
2463.14	26.8855
2464.53	30.5997
2465.92	26.7512
2467.31	30.6877
2468.69	33.0219
2470.08	3.45435
2471.46	36.3441
2472.85	33.951
2474.23	20.4197
2475.62	34.3455
2477	30.0234
2478.39	30.5925
2479.77	23.1692
2481.16	45.0514
2482.54	20.7699
2483.93	5.43018
2485.31	23.6127
2486.69	43.303
2488.08	25.8429
2489.46	28.9919
2490.84	23.6632
2492.22	26.8418
2493.6	11.2937
2494.99	19.7998
2496.37	26.5524
2497.75	22.5581
2499.13	18.1206
2500.51	24.2747
2501.89	13.7722
2503.27	22.6866
2504.65	15.0208
2506.03	10.3423
2507.41	13.9832
2508.79	13.7949
2510.17	3.21948
2511.55	9.48828
2512.93	18.6919
2514.3	37.3651
2515.68	37.7318
2517.06	34.6741
2518.44	19.5496
2519.82	37.3669
2521.19	15.5718
2522.57	25.7418
2523.95	20.1484
2525.32	10.426
2526.7	38.4797
2528.07	34.1039
2529.45	1.50977
2530.82	25.3997
2532.2	31.2377
2533.57	28.8879
2534.95	32.8558
2536.32	34.8285
2537.7	20.8707
2539.07	26.6006
2540.44	25.3206
2541.82	7.32886
2543.19	29.7773
2544.56	33.558
2545.94	28.0345
2547.31	18.5665
2548.68	17.7844
2550.05	28.6881
2551.42	11.462
2552.8	4.34863
2554.17	17.2123
2555.54	13.4821
2556.91	10.312
2558.28	30.9749
2559.65	29.7938
2561.02	13.7327
2562.39	17.2101
2563.76	19.3284
2565.13	25.6025
2566.5	19.7831
2567.86	-3.10852
2569.23	16.984
2570.6	28.1078
2571.97	34.0001
2573.34	23.1624
2574.7	35.687
2576.07	9.11755
2577.44	24.1884
2578.8	32.9597
2580.17	30.8866
2581.54	31.601
2582.9	22.3572
2584.27	22.7457
2585.63	35.0828
2587	34.1322
2588.36	38.6058
2589.73	44.974
2591.09	40.4031
2592.46	46.4559
2593.82	29.6161
2595.19	26.3691
2596.55	38.3108
2597.91	28.0265
2599.27	26.1677
2600.64	29.3235
2602	27.3796
2603.36	26.0087
2604.72	21.1938
2606.09	18.3745
2607.45	22.6632
2608.81	27.4193
2610.17	35.9291
2611.53	37.8323
2612.89	22.3413
2614.25	27.9497
2615.61	42.9902
2616.97	41.5984
2618.33	45.0294
2619.69	46.9235
2621.05	55.0377
2622.41	61.306
2623.77	45.6732
2625.13	42.9333
2626.48	49.317
2627.84	49.7487
2629.2	59.7677
2630.56	45.6505
2631.91	56.4381
2633.27	48.8639
2634.63	37.5471
2635.98	35.597
2637.34	38.5989
2638.7	39.4803
2640.05	50.8566
2641.41	53.6925
2642.76	40.0487
2644.12	31.0544
2645.47	34.2142
2646.83	38.3501
2648.18	32.1079
2649.54	22.9266
2650.89	29.8518
2652.24	38.7976
2653.6	39.5182
2654.95	35.528
2656.3	26.7643
2657.65	34.1147
2659.01	24.7933
2660.36	34.5356
2661.71	27.2263
2663.06	35.1661
2664.41	26.3901
2665.77	14.1904
2667.12	13.6702
2668.47	16.3943
2669.82	14.1606
2671.17	17.5161
2672.52	8.41406
2673.87	18.2689
2675.22	22.3937
2676.56	15.0276
2677.91	23.1469
2679.26	24.7585
2680.61	23.6814
2681.96	15.9753
2683.31	3.58044
2684.66	3.26221
2686	5.37061
2687.35	2.40503
2688.7	10.0667
2690.04	21.8127
2691.39	23.2566
2692.74	18.4252
2694.08	23.5293
2695.43	18.7506
2696.77	15.1575
2698.12	10.9253
2699.46	10.8152
2700.81	1.81006
2702.16	4.57849
2703.5	7.38843
2704.84	10.6862
2706.19	13.8203
2707.53	16.1654
2708.87	25.017
2710.22	26.4415
2711.56	15.1865
2712.9	14.7156
2714.25	14.9874
2715.59	13.1005
2716.93	20.0166
2718.27	23.0116
2719.61	12.5167
2720.95	11.1917
2722.3	14.9539
2723.64	9.45801
2724.98	11.1179
2726.32	18.0967
2727.66	20.2319
2729	20.6415
2730.34	27.5491
2731.68	21.6995
2733.02	21.036
2734.35	21.4183
2735.69	7.02429
2736.38	3.23621
2737.72	14.3813
2739.06	14.1774
2740.4	11.3425
2741.74	13.7357
2743.08	13.141
2744.42	25.8682
2745.76	34.2565
2747.1	36.3586
2748.44	44.3829
2749.78	19.6332
2751.12	36.718
2752.45	30.1895
2753.79	33.1493
2755.13	26.2072
2756.47	20.3511
2757.81	19.6913
2759.14	22.5883
2760.48	12.2766
2761.82	21.0365
2763.15	-10.6045
2764.49	21.1696
2765.83	22.6261
2767.16	27.3577
2768.5	44.4197
2769.83	39.5785
2771.17	24.7627
2772.5	48.3567
2773.84	45.6135
2775.17	29.5103
2776.51	38.9325
2777.84	30.5425
2779.17	25.364
2780.51	41.749
2781.84	55.3693
2783.17	33.4513
2784.5	38.1477
2785.84	25.4866
2787.17	42.9838
2788.5	37.5118
2789.83	19.4794
2791.16	8.55273
2792.5	21.8584
2793.83	20.0735
2795.16	1.35083
2796.49	20.2495
2797.82	49.1044
2799.15	43.3477
2800.48	49.1407
2801.81	39.0913
2803.14	36.7832
2804.47	55.538
2805.79	41.3452
2807.12	35.6293
2808.45	26.1483
2809.78	31.3627
2811.11	27.2729
2812.44	23.7228
2813.76	17.5743
2815.09	35.6663
2816.42	34.3984
2817.74	31.5615
2819.07	36.0502
2820.4	14.8595
2821.72	32.9282
2823.05	32.1837
2824.38	22.5083
2825.7	26.2981
2827.03	21.3341
2828.35	14.9619
2829.67	2.52734
2831	0.363159
2832.32	-7.95557
2833.65	-3.0459
2834.97	6.1283
2836.3	18.3037
2837.62	6.18909
2838.94	29.1791
2840.26	-2.52295
2841.59	15.3076
2842.91	11.0276
2844.23	13.6121
2845.55	8.14233
2846.88	22.0511
2848.2	18.8055
2849.52	8.32617
2850.84	-3.24475
2852.16	15.4915
2853.48	7.34399
2854.8	-9.21765
2856.12	-2.26831
2857.44	10.6656
2858.76	6.49219
2860.08	-0.752197
2861.4	7.823
2862.72	5.78333
2864.03	6.39709
2865.35	4.49072
2866.67	-9.63037
2867.99	9.47913
2869.31	16.4056
2870.63	0.393921
2871.94	9.75488
2873.26	16.3552
2874.58	9.19531
2875.89	-1.33398
2877.21	3.80444
2878.52	3.06909
2879.84	8.4165
2881.16	11.7114
2882.47	-1.15527
2883.79	-1.63635
2885.1	-5.12769
2886.42	3.17651
2887.73	5.63892
2889.05	-11.3224
2890.36	-2.04468
2891.67	16.9092
2892.99	6.86475
2894.3	10.9337
2895.61	6.104
2896.93	3.04443
2898.24	25.2804
2899.55	18.8295
2900.86	8.39929
2902.18	13.1908
2903.49	9.67444
2904.8	6.73828
2906.11	5.55383
2907.42	-10.7397
2908.73	-8.12598
2910.04	-4.42725
2911.35	2.38721
2912.66	-4.63306
2913.97	5.47778
2915.28	9.82385
2916.59	-16.0773
2917.9	6.98047
2919.21	-11.2762
2920.52	-3.4165
2921.83	8.71643
2923.13	7.90845
2924.44	7.47107
2925.75	-0.472656
2927.06	3.04395
2928.37	-6.31726
2929.67	-9.63
2930.98	-10.2308
2932.29	-10.4318
2933.59	-8.46094
2934.9	-6.49243
2936.2	-7.56763
2937.51	0.803467
2938.82	2.22119
2940.12	12.5392
2941.43	-6.79651
2942.73	-0.510254
2944.04	6.75403
2945.34	2.51978
2946.64	1.47815
2947.95	12.7963
2949.25	3.25488
2950.55	4.44714
2951.86	13.8856
2953.16	19.1528
2954.46	-2.63513
2955.77	0.628052
2957.07	12.4695
2958.37	3.052
2959.67	2.11609
2960.97	0.06604
2962.28	0.793457
2963.58	-12.2115
2964.88	-26.2571
2966.18	-19.858
2967.48	-16.9059
2968.78	-10.1964
2970.08	6.80286
2971.38	2.24951
2972.68	-14.8772
2973.98	-7.7196
2975.28	1.60168
2976.58	-7.53015
2977.87	-9.91589
2979.17	-7.39868
2980.47	7.03613
2981.77	0.583374
2983.07	9.88135
2984.36	-4.07727
2985.66	2.62427
2986.96	-2.9646
2988.26	-8.60681
2989.55	-4.9281
2990.85	-13.9362
2992.15	-27.4109
2993.44	-15.1727
2994.74	-3.86401
2996.03	0.928467
2997.33	-4.78259
2998.62	3.9353
2999.92	17.3937
3001.21	2.93201
3002.51	-4.73254
3003.8	-1.19946
3005.1	-16.4198
3006.39	-9.65417
3007.68	-1.77625
3008.98	-6.14966
3010.27	0.013916
3011.56	7.25085
3012.85	-5.64429
3014.15	-7.79895
3015.44	-3.65063
3016.73	0.270508
3018.02	-4.16211
3019.31	13.5032
3020.6	17.8275
3021.89	20.1862
3023.18	14.9567
3024.48	8.88379
3025.77	10.4609
3027.06	5.12927
3028.35	7.69678
3029.64	15.578
3030.92	14.6104
3032.21	14.1991
3033.5	4.32642
3034.79	9.55396
3036.08	10.9304
3037.37	5.74951
3038.66	13.9574
3039.94	13.1571
3041.23	12.2577
3042.52	9.53748
3043.81	10.3885
3045.09	19.3198
3046.38	7.89526
3047.67	18.47
3048.95	10.558
3050.24	3.42188
3051.53	8.87866
3052.81	4.33716
3054.1	-3.44507
3055.38	-1.48828
3056.67	-13.9446
3057.95	-18.3628
3059.24	-13.1478
3060.52	-9.75891
3061.8	-5.81494
3063.09	-9.6366
3064.37	-3.6311
3065.65	-6.50757
3066.94	-12.9965
3068.22	-12.5928
3069.5	-2.44495
3070.79	-5.56287
3072.07	-6.46826
3073.35	1.73425
3074.63	-9.59937
3075.91	-4.51477
3077.19	-2.96667
3078.48	-9.17627
3079.76	-2.87183
3081.04	2.2804
3082.32	-4.00574
3083.6	-2.45947
3084.88	-7.55713
3086.16	-10.4608
3087.44	-2.56372
3088.72	-3.37341
3090	-7.76038
3091.27	-16.1705
3092.55	-17.9348
3093.83	-2.58215
3095.11	-1.36292
3096.39	-6.50623
3097.67	-10.2671
3098.94	-0.485474
3100.22	2.12073
3101.5	-0.404907
3102.77	-6.9834
3104.05	1.04053
3105.33	-12.3104
3106.6	-12.8934
3107.88	-12.7571
3109.16	-19.2872
3110.43	-13.6561
3111.71	-9.46741
3112.98	-15.0546
3114.26	-16.3304
3115.53	-11.7626
3116.81	-7.84875
3118.08	2.33972
3119.35	-12.9133
3120.63	-4.80408
3121.9	-12.2742
3123.18	-15.2167
3124.45	-14.3579
3125.72	-6.20569
3126.99	-4.37402
3128.26	-4.28076
3129.54	2.74121
3130.81	-0.885376
3132.08	-5.44373
3133.35	-10.66
3134.63	-4.53235
3135.9	1.84729
3137.17	0.0803223
3138.44	0.990112
3139.71	3.18896
3140.98	8.56909
3142.25	0.671143
3143.52	8.42285
3144.79	3.30457
3146.06	2.35022
3147.33	-2.11743
3148.59	0.785767
3149.86	-1.13428
3151.13	-8.28442
3152.4	1.11255
3153.67	-7.63135
3154.94	-8.39441
3156.2	-8.83655
3157.47	-7.70068
3158.74	4.047
3160.01	-8.74072
3161.27	-0.515625
3162.54	-18.2207
3163.8	-25.1003
3165.07	-24.3928
3166.34	-9.96545
3167.6	2.16882
3168.87	0.779541
3170.13	-19.5916
3171.4	-13.4139
3172.66	-3.70715
3173.93	-2.83997
3175.19	-2.25769
3176.46	-5.64648
3177.72	-15.8596
3178.98	-1.90063
3179.83	9.83484
3181.09	-6.14075
3182.36	-19.54
3183.62	-30.89
3184.89	-4.27356
3186.15	-4.95129
3187.42	-20.3748
3188.68	-5.15552
3189.95	5.97644
3191.21	5.0354
3192.47	-4.94714
3193.74	-7.7771
3195	-1.20764
3196.26	-19.6694
3197.53	-2.7511
3198.79	-12.7747
3200.05	-15.9274
3201.32	-4.04724
3202.58	12.749
3203.84	3.81738
3205.1	-14.8279
3206.36	-18.1823
3207.62	-9.81079
3208.89	-10.6499
3210.15	-20.697
3211.41	-10.371
3212.67	-11.406
3213.93	-31.801
3215.19	-19.2216
3216.45	-18.689
3217.71	-18.9406
3218.97	5.51819
3220.23	1.0177
3221.48	-4.88452
3222.74	3.04675
3224	9.02124
3225.26	7.23511
3226.52	-5.51624
3227.77	-12.2667
3229.03	-11.9642
3230.29	3.19336
3231.55	1.36267
3232.8	-3.37549
3234.06	-3.2301
3235.32	-9.00476
3236.57	-6.89771
3237.83	3.84973
3239.09	-1.79651
3240.34	8.52954
3241.6	1.58252
3242.85	-1.31946
3244.11	-2.72168
3245.36	-7.4259
3246.62	-9.43738
3247.87	-6.45715
3249.12	-10.6844
3250.38	-0.436523
3251.63	-5.30334
3252.89	-5.14807
3254.14	-1.50427
3255.39	-6.90369
3256.64	-9.20288
3257.9	-2.54175
3259.15	-13.6725
3260.4	-2.51709
3261.65	4.10486
3262.91	5.7157
3264.16	20.2712
3265.41	8.27002
3266.66	10.1016
3267.91	7.55005
3269.16	13.8787
3270.41	15.6661
3271.66	7.11206
3272.91	-0.251953
3274.16	6.57288
3275.41	-0.469727
3276.66	3.10205
3277.91	-0.122925
3279.16	9.2019
3280.41	2.43774
3281.66	-3.98535
3282.9	2.15662
3284.15	-9.94568
3285.4	8.01648
3286.65	-4.39807
3287.89	-23.1168
3289.14	4.95557
3290.39	-3.85498
3291.64	-4.96033
3292.88	-1.27527
3294.13	7.8219
3295.38	16.5002
3296.62	2.10779
3297.87	12.359
3299.11	16.5034
3300.36	21.4728
3301.6	20.6637
3302.85	12.813
3304.09	11.3253
3305.34	4.9751
3306.58	2.90552
3307.83	-4.98059
3309.07	-0.0175781
3310.31	10.8755
3311.56	11.7552
3312.8	9.22498
3314.04	4.35217
3315.29	14.8098
3316.53	10.4092
3317.77	15.5529
3319.01	9.59802
3320.25	15.1357
3321.49	14.9183
3322.74	14.814
3323.98	18.5104
3325.22	14.4106
3326.46	24.5892
3327.7	20.1022
3328.94	17.8633
3330.18	9.20093
3331.42	12.9845
3332.66	18.4637
3333.9	10.8097
3335.14	5.52747
3336.38	11.8474
3337.62	17.9126
3338.86	16.9608
3340.1	5.22571
3341.33	-2.26892
3342.57	11.6912
3343.81	16.5289
3345.05	5.8103
3346.28	19.4198
3347.52	11.704
3348.76	8.44177
3350	13.952
3351.23	10.9943
3352.47	18.1522
3353.71	21.3975
3354.94	20.6742
3356.18	26.8503
3357.41	9.93604
3358.65	16.7904
3359.88	9.32959
3361.12	20.521
3362.35	15.76
3363.59	11.3193
3364.82	20.9193
3366.05	2.12476
3367.29	14.3358
3368.52	12.3353
3369.76	22.6985
3370.99	15.9611
3372.22	9.44739
3373.46	2.28369
3374.69	4.22424
3375.92	1.23669
3377.15	-7.37207
3378.38	-3.67896
3379.62	-7.29688
3380.85	-1.51416
3382.08	4.83398
3383.31	-1.55847
3384.54	9.78406
3385.77	16.313
3387	11.1517
3388.23	15.7141
3389.46	19.7659
3390.69	14.6617
3391.92	10.4567
3393.15	7.69873
3394.38	9.57031
3395.61	15.7737
3396.84	30.8954
3398.07	23.2109
3399.3	13.1615
3400.52	14.5269
3401.75	16.9054
3402.98	23.6079
3404.21	25.9399
3405.44	23.848
3406.66	24.8207
3407.89	23.5923
3409.12	27.2034
3410.34	26.4089
3411.57	17.853
3412.79	18.4912
3414.02	24.3026
3415.25	31.0868
3416.47	26.6406
3417.7	23.4033
3418.92	21.616
3420.15	26.8928
3421.37	25.2694
3422.6	29.1619
3423.82	29.8786
3425.04	26.456
3426.27	33.0822
3427.49	43.4139
3428.72	44.6235
3429.94	39.2554
3431.16	37.7068
3432.38	37.8337
3433.61	36.7383
3434.83	38.4777
3436.05	37.0369
3437.27	41.9776
3438.5	43.6584
3439.72	35.8853
3440.94	47.324
3442.16	47.2036
3443.38	42.4104
3444.6	42.7763
3445.82	42.7538
3447.04	41.481
3448.26	57.9955
3449.48	51.8032
3450.7	50.9567
3451.92	40.6458
3453.14	45.4064
3454.36	48.3716
3455.58	39.7601
3456.8	53.1161
3458.01	54.4927
3459.23	64.5366
3460.45	59.1131
3461.67	61.3363
3462.89	54.2381
3464.1	53.9587
3465.32	41.3124
3466.54	39.0047
3467.75	39.4596
3468.97	54.5433
3470.19	56.8975
3471.4	48.6328
3472.62	51.107
3473.83	55.1481
3475.05	56.1829
3476.27	50.4063
3477.48	49.258
3478.7	50.2448
3479.91	55.8917
3481.13	46.4597
3482.34	56.6581
3483.55	65.6909
3484.77	59.3174
3485.98	56.1558
3487.19	49.4122
3488.41	52.8499
3489.62	48.9318
3490.83	50.845
3492.05	53.1848
3493.26	57.5137
3494.47	64.8913
3495.68	57.1149
3496.89	58.3694
3498.11	69.6144
3499.32	61.6144
3500.53	58.7856
3501.74	54.5092
3502.95	57.2493
3504.16	61.5959
3505.37	56.3637
3506.58	62.9207
3507.79	53.1782
3509	45.2537
3510.21	59.6698
3511.42	61.906
3512.63	54.7808
3513.84	44.7546
3515.05	50.5331
3516.26	60.4603
3517.46	50.7987
3518.67	37.3963
3519.88	40.2994
3521.09	40.9954
3522.3	47.2469
3523.5	43.234
3524.71	43.7388
3525.92	37.5794
3527.12	45.5179
3528.33	28.3847
3529.54	22.3834
3530.74	29.4427
3531.95	30.1442
3533.15	29.7816
3534.36	30.2134
3535.57	27.1431
3536.77	30.811
3537.97	31.9448
3539.18	22.4795
3540.38	29.2751
3541.59	33.7308
3542.79	18.0394
3544	16.4106
3545.2	30.5865
3546.4	25.4543
3547.61	31.8179
3548.81	33.0777
3550.01	40.5901
3551.21	25.5022
3552.42	17.6502
3553.62	25.2199
3554.82	20.4539
3556.02	34.3046
3557.22	22.0289
3558.43	28.7
3559.63	27.7197
3560.83	24.6072
3562.03	14.3093
3563.23	16.8495
3564.43	28.0108
3565.63	23.8202
3566.83	20.9403
3568.03	25.3383
3569.23	15.0699
3570.43	2.60956
3571.63	8.83832
3572.83	10.5232
3574.02	7.2702
3575.22	26.7892
3576.42	30.4811
3577.62	22.9088
3578.82	20.7637
3580.02	8.04675
3581.21	8.42828
3582.41	4.4314
3583.61	15.043
3584.8	11.2119
3586	3.70068
3587.2	5.02264
3588.4	2.66437
3589.59	10.0956
3590.79	10.7695
3591.98	14.1094
3593.18	15.1797
3594.37	11.1783
3595.57	7.33557
3596.76	-3.41376
3597.81	12.0247
3599.01	-2.89783
3600.21	10.595
3601.4	5.77356
3602.6	6.96167
3603.8	7.88092
3604.99	13.1752
3606.19	14.7414
3607.38	20.7186
3608.58	16.3807
3609.77	17.8954
3610.97	16.6607
3612.16	9.61884
3613.36	17.3857
3614.55	22.9974
3615.75	12.3151
3616.94	2.05988
3618.13	21.8498
3619.33	15.4889
3620.52	9.72626
3621.71	5.5426
3622.91	13.8359
3624.1	12.138
3625.29	17.6191
3626.48	16.3987
3627.68	1.91321
3628.87	7.02527
3630.06	17.2952
3631.25	13.3629
3632.44	2.18561
3633.63	17.0573
3634.82	5.81372
3636.02	-1.90607
3637.21	6.01636
3638.4	4.65259
3639.59	15.4478
3640.78	9.81036
3641.97	5.65967
3643.16	6.45258
3644.34	2.32098
3645.53	-10.4606
3646.72	-0.347656
3647.91	-4.61584
3649.1	-2.10449
3650.29	21.1069
3651.48	9.6496
3652.67	4.02039
3653.85	9.67908
3655.04	8.3399
3656.23	8.48877
3657.42	0.388
3658.6	4.27582
3659.79	2.48114
3660.97	1.06793
3662.16	-4.82166
3663.35	-5.75403
3664.53	-0.755981
3665.72	-0.878723
3666.9	4.25726
3668.09	18.7897
3669.28	6.04523
3670.46	9.49664
3671.65	5.88947
3672.83	7.7464
3674.01	12.9871
3675.2	5.73303
3676.38	4.41272
3677.57	8.44556
3678.75	18.0804
3679.93	6.99365
3681.12	6.28589
3682.3	-1.93158
3683.48	-5.40607
3684.67	-8.85486
3685.85	4.15027
3687.03	12.3811
3688.21	13.3664
3689.39	10.4041
3690.58	11.8436
3691.76	2.59723
3692.94	3.04987
3694.12	0.0115967
3695.3	2.04364
3696.48	3.51892
3697.66	-10.5081
3698.84	-2.65741
3699.19	8.95929
