61.6482	7.9671
63.4877	10.5463
65.3269	-0.978455
67.1635	-7.05072
69.002	7.89148
70.8401	9.20868
72.6756	16.589
74.513	26.4222
76.35	24.3046
78.1866	28.0302
80.0208	59.3047
81.8567	69.4551
83.6923	100.49
85.5253	126.934
87.3602	158.272
89.1925	192.584
91.0267	252.351
92.8604	355.366
94.6917	461.369
96.5247	588.236
98.3574	755.491
100.188	913.737
102.02	988.471
103.849	988.78
105.68	889.114
107.509	762.709
109.34	623.501
111.168	488.122
112.997	374.744
114.827	269.967
116.654	203.098
118.483	157.182
120.309	104.638
122.137	79.6913
123.962	71.8181
125.79	43.6896
127.615	40.7697
129.439	40.4495
131.265	46.3156
133.089	29.7928
134.915	37.2369
136.738	37.9349
138.562	33.6903
140.385	40.4789
142.207	45.8122
144.03	38.7767
145.852	39.3309
147.675	36.5515
149.495	25.545
151.316	18.3988
153.137	14.6367
154.957	17.0236
156.776	27.1826
158.597	13.4555
160.415	13.5588
162.233	5.91635
164.053	23.5356
165.871	10.403
167.688	7.84451
169.506	12.9635
171.323	13.1651
173.139	0.87851
174.954	3.58655
176.772	-0.96109
178.586	-1.22113
180.401	2.50198
182.215	9.65845
184.031	8.8204
185.844	-3.86267
187.658	5.00092
189.47	6.50089
191.283	2.35135
193.097	9.1297
194.909	2.15408
196.72	-5.51251
198.531	1.5011
200.342	8.55167
202.152	5.20877
203.962	1.88843
205.773	-5.30582
207.583	6.03693
209.392	9.38132
211.2	0.122253
213.008	14.9438
214.816	14.0146
216.624	14.629
218.431	12.5656
220.237	7.28259
222.044	14.0708
223.85	5.45087
225.656	13
227.461	11.3101
229.268	1.05029
231.073	8.90961
232.877	1.97937
234.681	4.08661
236.485	-2.16736
238.286	7.63702
240.089	0.876526
241.891	-1.83112
243.693	7.263
245.495	13.1412
247.297	4.30371
249.098	16.2481
250.899	-2.67383
252.699	11.942
254.499	18.2309
256.299	16.0599
258.098	1.82422
259.897	11.7828
261.694	15.1783
263.492	18.6796
265.29	15.4792
267.088	12.6114
268.885	20.8071
270.682	17.9121
272.479	21.0294
274.273	22.9342
276.069	17.6497
277.865	27.5557
279.66	25.883
281.455	24.4491
283.247	31.8513
285.041	36.2874
286.835	29.7244
288.629	33.783
290.42	26.7062
292.212	32.774
294.005	31.0419
295.797	29.462
297.587	27.6276
299.378	23.7515
301.169	19.8961
302.958	23.9271
304.748	17.0686
306.538	17.627
308.326	19.9694
310.115	28.3628
311.904	16.454
313.69	15.2828
315.479	19.4514
317.267	16.4069
319.052	20.2048
320.839	11.484
322.624	20.9529
324.411	11.6077
326.197	14.6507
327.981	30.1832
329.766	27.2994
331.549	23.0527
333.334	17.0293
335.116	26.348
336.901	24.5829
338.682	33.3637
340.466	25.6716
342.247	26.9857
344.03	29.7517
345.81	28.4821
347.592	22.881
349.372	25.4572
351.153	19.4939
352.932	40.7687
354.713	28.7977
356.491	29.0854
358.271	28.1844
360.048	29.1474
361.826	26.5994
363.605	34.6436
365.381	33.1213
367.16	38.3174
368.935	31.8665
370.711	21.0081
372.488	38.6637
374.263	32.4791
376.038	27.9182
377.814	33.8954
379.588	32.4788
381.361	31.7638
383.136	37.0801
384.909	34.1812
386.682	38.6803
388.456	43.8065
390.228	52.679
391.999	45.139
393.77	41.7025
395.543	43.5472
397.313	23.307
399.083	28.8146
400.853	25.5701
402.625	15.3514
404.394	17.5793
406.162	18.5306
407.931	8.90399
409.701	18.0395
411.468	17.2941
413.236	20.9318
415.003	27.3712
416.769	8.28235
418.536	15.1907
420.302	25.3439
422.069	19.5611
423.835	25.783
425.6	21.8766
427.364	20.5043
429.129	7.28857
430.893	15.4241
432.656	21.0167
434.419	17.7275
436.182	13.9027
437.945	17.7092
439.707	23.9596
441.471	16.6689
443.233	16.4099
444.994	12.0526
446.755	19.7773
448.515	22.5797
450.276	20.7397
452.036	10.9955
453.795	19.269
455.554	0.698303
457.311	8.27075
459.07	2.47614
460.828	4.8894
462.586	-2.5686
464.343	13.7836
466.101	13.9512
467.857	14.4408
469.614	5.34119
471.37	11.0461
473.126	9.51062
474.881	14.9957
476.637	27.0889
478.389	51.9285
480.144	67.6437
481.898	97.124
483.652	115.373
485.405	109.096
487.159	88.0765
488.909	49.8458
490.662	32.6259
492.414	38.1983
494.166	25.1887
495.917	27.1313
497.666	24.2783
499.417	16.0834
501.168	21.8979
502.918	14.1742
504.665	20.6331
506.415	20.6466
508.164	20.1381
509.911	12.4581
511.659	27.4473
513.407	8.01923
515.155	20.2742
516.901	14.8947
518.648	16.1941
520.395	4.35266
522.139	11.5713
523.885	4.49054
525.629	9.32806
527.374	10.6146
529.12	3.79047
530.862	22.9026
532.607	5.26019
534.351	14.2073
536.093	10.3121
537.836	11.6967
539.577	16.7469
541.32	7.72772
543.06	-0.167664
544.803	11.8661
546.542	-8.74579
548.284	14.3286
550.023	-3.54407
551.764	11.4969
553.502	9.08038
555.242	1.2085
556.98	9.13507
558.719	2.01263
560.457	15.5829
562.195	15.9684
563.932	24.1043
565.67	38.8989
567.406	60.3263
569.143	51.8369
570.878	72.4684
572.613	59.5016
574.35	45.9239
576.084	17.6398
577.82	21.9327
579.553	14.3701
581.286	3.99139
583.021	15.4781
584.754	-3.95099
586.486	3.16455
588.22	-17.7797
589.951	-1.36145
591.682	-10.0063
593.415	-4.38531
595.146	14.9296
596.876	-8.54187
598.606	13.0246
600.337	16.5378
602.066	3.11151
603.795	4.11108
605.524	15.0243
607.254	11.2031
608.982	8.07843
610.71	37.9183
612.437	37.3195
614.164	63.9786
615.892	101.239
617.618	170.055
619.344	275.784
621.07	415.245
622.795	503.626
624.52	494.713
626.247	405.662
627.971	293.339
629.695	203.545
631.419	144.623
633.142	83.5494
634.865	62.8003
636.588	45.3223
638.31	43.499
640.032	32.623
641.753	10.6631
643.475	3.07031
645.196	12.1249
646.917	12.4762
648.637	-3.60834
650.359	10.0042
652.079	15.7886
653.798	1.10608
655.515	10.34
657.234	-4.16846
658.952	12.1959
660.67	7.47394
662.388	-1.41486
664.105	-1.44293
665.822	-16.696
666.019	-15.5281
667.74	2.30267
669.458	-5.55237
671.178	-11.9302
672.896	-15.4291
674.615	4.27539
676.333	-5.54517
678.051	-18.4714
679.768	-20.2004
681.484	-20.7652
683.202	-4.33691
684.917	-4.87402
686.634	-16.4549
688.349	-5.70374
690.064	-16.0871
691.78	-23.4218
693.494	-13.7585
695.207	3.12891
696.922	-0.286865
698.635	-4.50977
700.348	-8.64075
702.062	2.52295
703.774	0.214661
705.486	-8.52258
707.199	0.505615
708.91	-9.05042
710.62	-0.837585
712.333	3.68457
714.043	-2.12555
715.752	-5.47699
717.462	10.8084
719.173	10.0367
720.881	-0.378662
722.59	-1.42841
724.298	16.4965
726.007	0.544678
727.715	-0.460571
729.422	4.49023
731.129	-7.57458
732.835	-2.02655
734.541	6.43976
736.249	15.5297
737.954	12.1298
739.659	0.238831
741.364	3.37927
743.069	-4.71588
744.773	11.379
746.477	-3.03778
748.182	17.8955
749.885	20.5389
751.588	24.8616
753.291	26.0649
754.993	21.6248
756.695	31.6174
758.397	17.3793
760.098	8.52875
761.799	31.7131
763.499	11.5665
765.2	16.2873
766.9	11.2759
768.599	20.4465
770.299	31.4336
771.998	26.1708
773.696	36.3151
775.395	55.5693
777.093	55.1459
778.791	68.6222
780.488	73.1899
782.185	60.8874
783.882	54.1425
785.578	32.5142
787.274	18.8862
788.97	18.2524
790.666	11.8064
792.359	4.11688
794.054	4.72522
795.748	6.15192
797.443	10.8966
799.137	-16.1566
800.83	-2.46777
802.523	-9.91486
804.214	7.9325
805.907	-5.84607
807.599	6.6358
809.291	2.61121
810.983	-3.64404
812.674	1.17609
814.363	4.53168
816.054	0.780945
817.745	-7.10034
819.435	0.300049
821.122	2.6026
822.812	1.4259
824.501	10.665
826.19	-2.91132
827.876	1.94684
829.565	1.36804
831.253	6.8587
832.938	6.79205
834.625	-8.69739
836.312	-6.43188
837.999	-7.83014
839.683	7.50952
841.369	2.85144
843.053	16.4861
844.738	8.63965
846.423	12.2274
848.106	14.1976
849.79	13.6072
851.474	15.4313
853.156	8.21533
854.84	7.37097
856.521	-3.0694
858.203	8.42877
859.886	-8.75214
861.566	12.6125
863.248	-2.76624
864.928	-0.894958
866.609	8.02325
868.288	11.1194
869.968	12.3643
871.647	3.86993
873.327	-3.21307
875.004	10.5807
876.684	19.4197
878.361	19.7286
880.039	19.7178
881.716	6.0191
883.394	3.2627
885.07	8.98346
886.745	11.7543
888.422	-4.24078
890.097	12.2225
891.774	-6.06763
893.448	4.57556
895.122	0.580627
896.798	-0.0969238
898.471	-6.33191
900.146	-10.3232
901.819	-6.02997
903.491	1.87012
905.165	-1.90002
906.837	-1.87231
908.508	-2.61383
910.181	7.75391
911.852	5.06482
913.522	0.769592
915.195	6.87958
916.864	7.02606
918.534	11.3774
920.203	12.8793
921.874	6.797
923.543	20.7739
925.211	19.4648
926.879	14.2596
928.549	7.99377
930.216	27.2731
931.883	3.04614
933.55	12.2551
935.216	6.46759
936.884	10.3427
938.55	12.3102
940.216	9.76801
941.881	12.1255
943.546	1.34332
945.21	6.5025
946.875	11.6429
948.54	-2.16675
950.204	7.2453
951.867	6.01941
953.53	17.7555
955.193	14.7712
956.856	19.0211
958.518	14.0906
960.179	21.2783
961.841	28.0197
963.502	11.5385
965.163	18.233
966.823	11.6346
968.484	14.1439
970.144	8.14081
971.803	17.2796
973.463	14.4433
975.122	24.9585
976.78	15.6996
978.439	23.666
980.097	22.0909
981.754	5.7865
983.412	20.0007
985.069	20.4919
986.726	22.9305
988.382	23.2768
990.039	45.1514
991.695	55.9044
993.35	63.67
995.005	87.3956
996.659	107.739
998.313	126.696
999.968	127.514
1001.62	127.371
1003.28	99.1129
1004.93	80.7622
1006.58	74.1038
1008.23	38.0181
1009.89	37.7937
1011.54	31.9737
1013.19	38.0614
1014.84	23.4247
1016.49	16.9733
1018.14	32.0486
1019.79	25.1164
1021.44	17.8416
1023.09	15.7839
1024.74	33.856
1026.39	33.6774
1028.04	34.5058
1029.69	49.541
1031.33	54.6547
1032.98	63.6693
1034.63	102.343
1036.28	140.454
1037.92	168.552
1039.57	213.821
1041.22	252.645
1042.86	287.576
1044.51	300.063
1046.15	311.459
1047.8	274.08
1049.44	213.303
1051.09	168.163
1052.73	127.106
1054.37	96.6863
1056.01	64.843
1057.66	46.0292
1059.3	35.7659
1060.94	42.76
1062.59	33.053
1064.23	28.3118
1065.87	16.1023
1067.51	26.0116
1069.15	25.9158
1070.79	11.376
1072.43	-3.11688
1074.07	5.34607
1075.71	11.1043
1077.35	3.97083
1078.98	3.00391
1080.62	5.6792
1082.26	-3.32605
1083.9	7.05157
1085.54	16.3773
1087.18	19.2225
1088.81	6.62659
1090.45	10.2081
1092.08	24.1304
1093.72	11.0645
1095.35	16.459
1096.99	9.71216
1098.62	-0.971069
1100.26	-4.92432
1101.89	4.19647
1103.53	7.41943
1105.16	3.54529
1106.79	-7.75507
1108.43	-4.72754
1110.06	9.5285
1111.69	3.07092
1113.32	15.3636
1114.96	9.2514
1116.59	24.6796
1118.22	15.9655
1119.85	12.0837
1121.48	10.7998
1123.11	17.0017
1124.74	12.2729
1126.37	6.14185
1128	9.39288
1129.63	6.8429
1131.25	-0.428162
1132.88	10.8657
1134.51	-7.82684
1136.14	-10.5024
1137.77	9.39478
1139.39	3.40735
1141.02	-0.400818
1142.64	-17.2639
1144.27	-8.22357
1145.9	-8.64124
1147.52	-6.98047
1149.15	-1.82947
1150.77	-13.4094
1152.4	-14.4669
1154.02	-16.171
1155.64	-20.8083
1157.27	-20.8368
1158.89	-27.468
1160.51	-30.9146
1162.14	-15.625
1163.76	-10.9916
1165.38	-16.7034
1167	-12.816
1168.62	-13.923
1170.24	-16.2803
1171.86	-16.3478
1173.48	-18.0526
1175.1	-21.6627
1176.72	-25.1599
1178.34	-13.3715
1179.96	-5.15741
1181.58	-16.2239
1183.2	-30.3427
1184.82	-14.7686
1186.43	-6.59479
1188.05	-8.06244
1189.67	-3.55774
1191.29	-7.659
1192.9	-18.1128
1194.52	-26.5876
1196.13	-27.0058
1197.75	-22.8906
1199.36	-14.2605
1200.98	-16.4769
1202.59	-21.4319
1204.21	-20.0903
1205.82	-15.0071
1207.44	-3.8125
1209.05	-15.0441
1210.66	-14.9024
1212.27	-5.53522
1213.89	-10.7788
1215.5	-16.1423
1217.11	-13.2927
1218.72	-11.7057
1220.33	-19.0418
1221.95	-11.8027
1223.56	-11.4928
1225.17	-13.1684
1226.78	-21.5069
1228.39	-14.4989
1230	-15.6503
1231.6	-21.8223
1233.21	-18.1813
1234.82	-17.6547
1235.39	-18.9332
1237	-10.4984
1238.61	-5.48022
1240.22	-37.4244
1241.84	-28.1444
1243.45	-13.6552
1245.05	-17.8436
1246.66	-18.0557
1248.27	-25.1556
1249.88	-12.5632
1251.49	-15.6065
1253.1	-22.4709
1254.7	-13.4064
1256.31	-2.09113
1257.92	-19.3912
1259.53	-27.4088
1261.13	-15.6024
1262.74	-12.7615
1264.34	-12.6589
1265.95	-21.3456
1267.55	-15.734
1269.16	-22.2513
1270.76	1.93286
1272.37	-1.79248
1273.97	-15.612
1275.57	-10.1478
1277.18	11.3991
1278.78	4.34491
1280.38	-6.06506
1281.98	-1.89166
1283.59	3.70392
1285.19	0.412415
1286.79	12.3392
1288.39	7.91138
1289.99	8.68756
1291.59	18.7879
1293.19	14.5929
1294.79	12.876
1296.39	-1.12598
1297.99	-7.05408
1299.59	-6.50037
1301.19	-1.85272
1302.78	-16.1728
1304.38	-8.60992
1305.98	-3.72742
1307.58	-14.3513
1309.18	-10.014
1310.77	-0.429321
1312.37	-25.7
1313.96	-23.1023
1315.56	-18.5547
1317.16	-11.4277
1318.75	-11.3666
1320.35	-2.71356
1321.94	-8.14752
1323.54	-8.7569
1325.13	0.683228
1326.72	10.3785
1328.32	5.5946
1329.91	-1.15839
1331.5	-8.49567
1333.09	-18.4895
1334.69	-8.40472
1336.28	-4.21613
1337.87	-24.5967
1339.46	-12.4653
1341.05	-8.0307
1342.64	-15.888
1344.23	-0.496277
1345.82	-19.9131
1347.41	-8.65289
1349	-8.59326
1350.59	-9.21851
1352.18	7.38281
1353.77	27.2924
1355.36	28.4012
1356.94	26.7728
1358.53	25.1837
1360.12	29.6186
1361.71	19.1915
1363.29	17.4655
1364.88	13.8456
1366.46	20.7889
1368.05	10.222
1369.63	5.18457
1371.22	0.533203
1372.8	-1.76123
1374.39	1.94391
1375.97	12.3217
1377.56	2.49097
1379.14	-0.594055
1380.73	-1.58832
1382.31	10.2917
1383.89	7.60724
1385.47	12.7667
1387.05	14.2728
1388.64	15.9882
1390.22	18.0885
1391.8	3.86798
1393.38	0.581238
1394.96	10.9865
1396.54	22.0796
1398.12	22.9878
1399.7	22.675
1401.28	31.259
1402.86	30.4935
1404.44	26.5569
1406.02	41.1432
1407.59	53.1465
1409.17	50.0389
1410.75	58.1394
1412.33	62.1868
1413.9	77.8027
1415.48	86.873
1417.06	103.029
1418.63	118.495
1420.21	135.808
1421.78	145.25
1423.36	188.15
1424.93	217.944
1426.51	249.854
1428.08	303.557
1429.66	323.927
1431.23	340.429
1432.8	355.863
1434.38	354.294
1435.95	347.063
1437.52	312.049
1439.09	265.938
1440.67	228.524
1442.24	197.125
1443.81	161.649
1445.38	130.172
1446.95	112.933
1448.52	81.7717
1450.09	59.3534
1451.66	57.6131
1453.23	37.431
1454.8	33.2466
1456.37	41.5581
1457.94	27.3417
1459.5	16.0795
1461.07	18.7177
1462.64	12.7861
1464.21	12.2905
1465.77	8.79608
1467.34	12.3743
1468.91	20.697
1470.47	26.7144
1472.04	29.6168
1473.6	35.8748
1475.17	40.1588
1476.73	40.8664
1478.3	50.89
1479.86	60.5715
1481.43	59.3153
1482.99	59.9147
1484.56	74.3018
1486.12	76.7684
1487.68	81.8392
1489.24	90.3387
1490.81	110.718
1492.37	125.371
1493.93	143.266
1495.49	150.693
1497.05	173.102
1498.61	194.079
1500.17	207.54
1501.73	239.943
1503.29	252.218
1504.85	257.016
1506.41	249.842
1507.97	236.027
1509.53	213.456
1511.09	179.355
1512.65	151.381
1514.2	143.328
1515.76	129.378
1517.32	103.366
1518.88	87.4187
1520.43	72.4005
1521.99	61.187
1523.54	53.5934
1525.1	33.8648
1526.65	37.3
1528.21	45.79
1529.76	39.5784
1531.32	11.4561
1532.87	2.49915
1534.43	9.23822
1535.98	-1.82758
1537.53	0.921387
1539.09	3.09918
1540.64	-5.31421
1542.19	-3.0506
1543.75	-6.95538
1545.3	-14.004
1546.85	-14.0903
1548.4	1.73962
1549.95	-5.14203
1551.5	2.00415
1553.05	1.92389
1554.6	-6.12341
1556.15	-3.88885
1557.7	2.68335
1559.25	-6.22552
1560.8	-3.08075
1562.35	1.84277
1563.9	4.13501
1565.44	-0.689819
1566.99	7.60297
1568.54	-2.08521
1570.09	7.66418
1571.63	14.651
1573.18	13.9675
1574.73	9.27301
1576.27	10.6843
1577.82	-5.51898
1579.36	9.64392
1580.91	22.3221
1582.45	28.0317
1584	39.1201
1585.54	51.2114
1587.09	61.0781
1588.63	71.2829
1590.17	92.0831
1591.72	95.2758
1593.26	107.285
1594.8	95.8536
1596.34	86.2347
1597.89	94.6102
1599.43	82.9655
1600.97	70.4545
1602.51	67.5032
1604.05	55.3046
1605.59	40.7177
1607.13	44.1315
1608.67	36.7437
1610.21	31.5882
1611.75	30.4413
1613.29	33.5043
1614.83	35.6349
1616.37	39.1317
1617.9	41.7189
1619.44	46.4823
1620.98	54.699
1622.52	69.0869
1624.05	64.3635
1625.59	66.4913
1627.13	84.6289
1628.66	88.513
1630.2	126.54
1631.73	148.407
1633.27	188.566
1634.8	240.38
1636.34	268.754
1637.87	291.231
1639.41	320.139
1640.94	331.399
1642.47	322.722
1644.01	296.555
1645.54	253.326
1647.07	220.094
1648.61	181.059
1650.14	148.514
1651.67	109.454
1653.2	112.991
1654.73	97.1324
1656.26	77.842
1657.79	56.9458
1659.32	62.3194
1660.85	47.562
1662.38	57.8904
1663.91	39.7746
1665.44	47.6385
1666.97	46.551
1668.5	51.4761
1670.03	41.8325
1671.55	32.2567
1673.08	26.6058
1674.61	23.2737
1676.14	21.939
1677.66	25.7795
1679.19	14.2798
1680.72	17.7107
1682.24	27.8782
1683.77	19.4088
1685.29	25.5637
1686.82	11.6074
1688.34	33.7568
1689.87	44.551
1691.39	31.1752
1692.91	39.8043
1694.44	34.7442
1695.96	34.9211
1697.48	26.7943
1699.01	27.7071
1700.53	31.025
1702.05	33.0248
1703.57	26.1635
1705.1	19.1686
1706.62	21.2133
1708.14	19.3795
1709.66	19.1011
1711.18	4.3476
1712.7	14.5718
1714.22	16.7402
1715.74	3.26923
1717.26	26.6277
1718.78	12.6162
1720.3	16.7095
1721.81	4.03467
1723.33	-7.24969
1724.85	-1.21088
1726.37	0.0942993
1727.89	2.74133
1729.4	-4.95953
1730.92	4.42139
1732.44	12.519
1733.95	0.665894
1735.47	16.5762
1736.98	7.53912
1738.5	2.50879
1740.01	7.2713
1741.53	15.8393
1743.04	-4.79053
1744.56	0.067749
1746.07	-4.71356
1747.58	-13.4174
1749.1	-4.49652
1750.61	4.89764
1752.12	-12.0875
1753.64	-0.224548
1755.15	-2.47937
1756.66	-0.0457764
1758.17	-22.5143
1759.68	-21.6504
1761.19	1.43439
1762.71	-2.65576
1764.22	6.28687
1765.73	-7.58563
1767.24	5.58746
1768.67	0.302429
1770.19	18.5919
1771.7	-21.2805
1773.21	14.7798
1774.72	-16.6725
1776.23	-32.0468
1777.74	-16.5908
1779.25	-0.331482
1780.76	-10.7563
1782.27	11.9296
1783.78	17.1689
1785.29	-9.04694
1786.8	1.69568
1788.31	2.4939
1789.82	-4.60706
1791.33	1.76331
1792.84	-0.971191
1794.34	-9.81207
1795.85	-17.2503
1797.36	-10.0968
1798.86	18.1799
1800.37	-2.52881
1801.88	-3.72052
1803.38	7.86719
1804.89	13.8221
1806.39	-7.88092
1807.9	-5.27954
1809.4	-0.846863
1810.91	6.67059
1812.41	0.520691
1813.92	-7.19904
1815.42	0.881531
1816.92	15.8129
1818.43	4.26227
1819.93	14.2502
1821.43	8.30756
1822.93	14.6984
1824.44	2.09198
1825.94	-1.27374
1827.44	11.039
1828.94	-6.02924
1830.44	1.33453
1831.94	6.96271
1833.44	22.7775
1834.94	11.1257
1836.44	-1.9563
1837.94	4.69226
1839.44	-2.72931
1840.94	0.18988
1842.44	5.78741
1843.94	1.96075
1845.44	-0.443298
1846.93	-9.76031
1848.43	15.6813
1849.93	12.2854
1851.43	4.06989
1852.92	-3.10889
1854.42	10.3605
1855.92	10.4443
1857.41	6.15277
1858.91	6.65491
1860.4	-5.28674
1861.9	-15.162
1863.39	-3.31085
1864.89	13.9023
1866.38	2.56891
1867.88	7.98926
1869.37	3.6217
1870.86	-10.9221
1872.36	10.9245
1873.85	-1.76733
1875.34	8.20282
1876.83	11.9448
1878.33	15.8049
1879.82	-5.81409
1881.31	2.27942
1882.8	14.6403
1884.29	0.436768
1885.78	1.36041
1887.27	0.969238
1888.76	-1.29773
1890.25	-11.6406
1891.74	4.50879
1893.23	-12.0518
1894.72	14.6306
1896.21	5.34991
1897.7	7.87653
1899.18	-0.936646
1900.67	-14.3129
1902.16	-7.43951
1903.65	-4.30945
1905.13	2.85529
1906.62	4.4245
1908.11	8.12103
1909.59	7.28918
1911.08	5.25714
1912.56	-1.41992
1914.05	-1.22052
1915.53	7.54303
1917.02	14.3255
1918.5	6.32715
1919.99	7.50201
1921.47	-4.3288
1922.96	12.9199
1924.44	26.0118
1925.92	12.8178
1927.41	17.198
1928.89	20.9188
1930.37	3.59991
1931.85	14.1293
1933.33	7.44958
1934.82	-6.77789
1936.3	13.0986
1937.78	0.99939
1939.26	8.57501
1940.74	13.487
1942.22	6.04529
1943.7	12.0258
1945.18	6.7644
1946.66	11.7336
1948.14	3.0993
1949.62	11.1837
1951.09	-0.196655
1952.57	3.60364
1954.05	1.15344
1955.53	8.07532
1957.01	19.7664
1958.48	15.4138
1959.96	16.0717
1961.44	25.0266
1962.91	21.3454
1964.39	22.0494
1965.86	14.1927
1967.34	0.88623
1968.81	1.99194
1970.29	8.78186
1971.76	10.507
1973.24	4.91278
1974.71	5.45892
1976.19	3.72607
1977.66	14.4941
1979.13	9.3996
1980.61	14.7372
1982.08	14.2524
1983.55	17.3926
1985.02	8.573
1986.5	10.0042
1987.97	12.5659
1989.44	24.8694
1990.91	14.9382
1992.38	11.7697
1993.85	16.6273
1995.32	12.2739
1996.79	18.3527
1998.26	7.36377
1999.73	18.228
2001.2	7.2959
2002.67	24.6068
2004.14	14.6162
2005.61	17.4554
2007.07	13.4379
2008.54	3.03827
2010.01	7.1723
2011.48	27.2866
2012.94	17.4226
2014.41	7.56909
2015.88	7.85315
2017.34	15.3978
2018.81	9.38574
2020.27	4.30237
2021.74	15.8475
2023.21	9.36652
2024.67	13.9916
2026.13	14.9398
2027.6	12.7017
2029.06	18.0918
2030.53	7.59888
2031.99	16.1771
2033.45	12.4899
2034.91	4.82166
2036.38	18.7289
2037.84	18.7557
2039.3	3.50482
2040.77	15.9628
2042.23	19.6384
2043.69	20.807
2045.15	5.14081
2046.61	10.8434
2048.07	16.6158
2049.53	6.5705
2050.99	6.4834
2052.45	3.4801
2053.91	10.3837
2055.37	3.11066
2056.83	-2.3172
2058.29	-0.361206
2059.74	0.356812
2061.2	9.09943
2062.66	1.85028
2064.12	2.80963
2065.57	12.2531
2067.03	10.3788
2068.49	9.54065
2069.95	-1.31213
2071.4	15.2317
2072.86	17.8882
2074.31	18.4731
2075.77	18.0618
2077.22	19.7017
2078.68	8.09442
2080.13	18.4833
2081.59	13.5074
2083.04	26.1654
2084.49	27.6594
2085.95	14.6642
2087.4	9.67206
2088.85	13.8985
2090.31	5.823
2091.76	9.8103
2093.21	1.45581
2094.66	11.5179
2096.11	13.2599
2097.57	7.13129
2099.02	9.86407
2100.47	14.4224
2101.92	10.2874
2103.37	14.2634
2104.82	8.78326
2106.27	19.7441
2107.72	15.5831
2109.17	-1.71094
2110.62	6.07916
2112.07	20.2204
2113.51	13.0825
2114.96	13.8177
2116.41	21.9758
2117.86	22.9256
2119.31	15.9753
2120.75	6.1427
2122.2	7.6449
2123.65	16.4097
2125.09	24.8176
2126.54	20.1052
2127.98	18.2512
2129.43	21.4134
2130.88	24.0819
2132.32	21.455
2133.76	22.8257
2135.21	18.3714
2136.65	15.7547
2138.1	10.5909
2139.54	12.105
2140.98	20.2504
2142.43	15.8994
2143.87	16.1677
2145.31	14.1096
2146.75	21.0764
2148.2	20.8502
2149.64	19.192
2151.08	24.1968
2152.52	24.9147
2153.96	19.9429
2155.4	12.5444
2156.84	15.706
2158.28	13.1639
2159.72	25.7632
2161.16	24.0212
2162.6	14.3846
2164.04	12.1365
2165.48	21.5659
2166.92	23.7738
2168.36	28.6874
2169.8	22.7565
2171.23	31.7665
2172.67	23.5669
2174.11	19.3387
2175.55	17.4427
2176.98	22.4538
2178.42	25.3137
2179.86	30.1877
2181.29	30.9219
2182.73	28.9864
2184.16	28.0535
2185.6	27.5596
2187.03	24.3987
2188.47	27.2448
2189.9	27.9695
2191.34	27.4933
2192.77	25.2582
2194.2	26.3759
2195.64	26.9329
2197.07	34.0788
2198.5	36.2897
2199.94	31.6187
2201.37	19.8194
2202.8	21.5384
2204.23	21.8932
2205.66	34.075
2207.09	40.7471
2208.53	30.473
2209.96	27.7504
2211.39	17.5236
2212.82	12.3139
2214.25	20.5405
2215.68	21.7056
2217.11	16.0327
2218.53	28.3238
2219.96	29.2705
2221.39	30.0739
2222.82	25.6715
2224.25	6.28125
2225.68	9.41443
2227.1	27.5903
2228.53	22.7298
2229.96	26.8771
2231.39	32.8763
2232.81	26.3693
2234.24	18.5428
2235.66	20.0276
2237.09	35.7395
2238.52	25.9839
2239.94	14.0741
2241.37	1.01715
2242.79	2.35553
2244.21	16.0899
2245.64	14.9585
2247.06	17.5662
2248.49	8.52209
2249.91	10.9454
2251.33	22.6033
2252.76	16.4053
2254.18	11.9038
2255.6	19.0971
2257.02	9.07813
2258.45	-1.13251
2259.87	0.641235
2261.29	6.0741
2262.71	2.0448
2264.13	3.76166
2265.55	10.6593
2266.97	12.4421
2267.86	8.45782
2269.28	0.362793
2270.7	16.0662
2272.13	-1.22034
2273.55	7.96631
2274.97	0.173767
2276.39	3.11053
2277.81	0.959778
2279.23	15.2288
2280.65	7.58832
2282.07	6.55688
2283.49	2.86566
2284.91	6.62653
2286.33	-7.98761
2287.75	-4.93903
2289.17	7.8205
2290.59	-3.23145
2292.01	1.66962
2293.43	14.5494
2294.84	14.8175
2296.26	6.65668
2297.68	16.6591
2299.1	11.5685
2300.51	8.01471
2301.93	24.386
2303.35	29.4116
2304.76	6.76953
2306.18	15.5685
2307.59	4.90039
2309.01	-5.67249
2310.42	-14.6589
2311.84	16.8994
2313.25	-8.1275
2314.67	8.02142
2316.08	3.17883
2317.5	14.032
2318.91	6.06189
2320.32	0.791992
2321.74	-12.8467
2323.15	13.2334
2324.56	-13.5393
2325.97	1.35791
2327.39	8.54028
2328.8	7.53619
2330.21	-4.54199
2331.62	-2.2912
2333.03	-4.39764
2334.44	-4.13599
2335.85	-0.769409
2337.26	-0.200745
2338.67	-26.1837
2340.08	3.46228
2341.49	-27.3512
2342.9	-3.87921
2344.31	-13.2092
2345.72	5.09625
2347.13	-12.4539
2348.53	4.2431
2349.94	13.6144
2351.35	3.2735
2352.76	-16.7142
2354.16	-10.1844
2355.57	-8.57672
2356.98	7.94305
2358.39	-18.1257
2359.79	-4.01031
2361.2	7.16266
2362.6	-14.2696
2364.01	-0.489075
2365.41	2.50299
2366.82	10.2911
2368.22	-20.3906
2369.63	-14.0425
2371.03	-1.47308
2372.43	-0.764709
2373.84	-14.4647
2375.24	0.122925
2376.65	-3.4787
2378.05	-25.7465
2379.45	-10.1279
2380.85	-11.8892
2382.25	-25.37
2383.66	-12.3268
2385.06	-8.58008
2386.46	-25.8839
2387.86	-2.74841
2389.26	0.10498
2390.66	-25.4763
2392.06	-18.2693
2393.46	-18.8486
2394.86	-18.3489
2396.26	-1.09802
2397.66	-17.9664
2399.06	-12.9704
2400.46	-8.95789
2401.86	-7.46259
2403.26	-10.3621
2404.65	2.72778
2406.05	-8.39746
2407.45	0.506836
2408.85	4.93518
2410.24	-5.52289
2411.64	1.76563
2413.04	-5.57672
2414.43	-13.5574
2415.83	-1.23926
2417.23	-8.37482
2418.62	4.23114
2420.02	-4.16315
2421.41	4.08063
2422.81	2.62836
2424.2	2.94611
2425.59	-13.1074
2426.99	13.9771
2428.38	10.1493
2429.78	27.7404
2431.17	20.0281
2432.56	-0.083374
2433.95	13.5521
2435.35	1.14581
2436.74	14.7191
2438.13	20.9765
2439.52	18.4972
2440.91	12.7109
2442.31	12.0549
2443.7	27.1317
2445.09	17.1046
2446.48	21.0218
2447.87	-2.12323
2449.26	2.87378
2450.65	20.5106
2452.04	13.0141
2453.43	16.923
2454.82	-6.75641
2456.2	11.8692
2457.59	15.3939
2458.98	-10.7688
2460.37	7.20679
2461.76	-5.63147
2463.14	5.22266
2464.53	11.6855
2465.92	13.1895
2467.31	17.5571
2468.69	0.0105591
2470.08	2.05432
2471.46	-3.30255
2472.85	15.6611
2474.23	9.1134
2475.62	17.9444
2477	8.72144
2478.39	5.40045
2479.77	0.435425
2481.16	8.84143
2482.54	-5.47876
2483.93	9.10992
2485.31	18.2207
2486.69	13.7433
2488.08	3.36432
2489.46	2.20453
2490.84	0.0497437
2492.22	12.0769
2493.6	-9.37817
2494.99	-5.87085
2496.37	7.55579
2497.75	9.03375
2499.13	1.39032
2500.51	-2.16455
2501.89	11.8351
2503.27	5.29718
2504.65	4.15863
2506.03	-4.40625
2507.41	1.97858
2508.79	-7.09467
2510.17	-4.32074
2511.55	13.999
2512.93	-0.985352
2514.3	1.70392
2515.68	0.682434
2517.06	3.6123
2518.44	0.24231
2519.82	-5.34906
2521.19	-1.43958
2522.57	3.63745
2523.95	14.3838
2525.32	5.70929
2526.7	32.3748
2528.07	2.92438
2529.45	8.23486
2530.82	15.9363
2532.2	12.3508
2533.57	3.25879
2534.95	6.13434
2536.32	-0.449463
2537.7	11.5803
2539.07	8.47406
2540.44	-3.18591
2541.82	-0.320496
2543.19	-0.267883
2544.56	13.5497
2545.94	10.0499
2547.31	-7.66968
2548.68	-5.85986
2550.05	4.75482
2551.42	-15.7886
2552.8	10.6029
2554.17	3.19
2555.54	3.11609
2556.91	-2.02594
2558.28	1.39856
2559.65	-1.04285
2561.02	-9.58148
2562.39	-1.39606
2563.76	-3.34735
2565.13	7.10504
2566.5	8.18951
2567.86	-4.94348
2569.23	-5.32629
2570.6	-3.14166
2571.97	-3.60895
2573.34	4.89349
2574.7	-1.45374
2576.07	4.76477
2577.44	2.66211
2578.8	-1.97662
2580.17	2.89069
2581.54	-8.68652
2582.9	1.3642
2584.27	-5.55933
2585.63	-10.7573
2587	-3.42841
2588.36	-1.87848
2589.73	11.573
2591.09	8.22711
2592.46	3.65094
2593.82	6.12927
2595.19	-2.90375
2596.55	1.388
2597.91	-1.75153
2599.27	-8.32196
2600.64	-5.10895
2602	-0.806396
2603.36	-10.6987
2604.72	-19.8099
2606.09	-2.88068
2607.45	4.99738
2608.81	1.25568
2610.17	1.9386
2611.53	2.46356
2612.89	2.65869
2614.25	5.77271
2615.61	7.16315
2616.97	10.7211
2618.33	16.7141
2619.69	11.851
2621.05	12.3524
2622.41	15.3305
2623.77	22.6699
2625.13	14.1827
2626.48	4.34027
2627.84	3.9892
2629.2	6.82501
2630.56	9.61993
2631.91	-0.209167
2633.27	2.82245
2634.63	13.0308
2635.98	20.2729
2637.34	10.6776
2638.7	0.694824
2640.05	8.16724
2641.41	13.3124
2642.76	12.7511
2644.12	13.498
2645.47	24.9296
2646.83	10.6447
2648.18	16.7368
2649.54	13.0809
2650.89	8.58557
2652.24	2.49652
2653.6	1.50909
2654.95	-6.95325
2656.3	5.68738
2657.65	6.54822
2659.01	8.83649
2660.36	10.8809
2661.71	7.27911
2663.06	1.64465
2664.41	5.29614
2665.77	8.83636
2667.12	2.48383
2668.47	-11.1469
2669.82	-5.83496
2671.17	-2.34485
2672.52	-0.319458
2673.87	-5.42529
2675.22	-8.9986
2676.56	0.257568
2677.91	1.47382
2679.26	14.7987
2680.61	8.9483
2681.96	-3.03857
2683.31	5.16956
2684.66	6.13824
2686	5.34607
2687.35	-0.44397
2688.7	4.9668
2690.04	10.8022
2691.39	4.59344
2692.74	2.22137
2694.08	9.94727
2695.43	4.34015
2696.77	3.31085
2698.12	6.26801
2699.46	5.77777
2700.81	5.38892
2702.16	2.34631
2703.5	1.79877
2704.84	8.37994
2706.19	2.46454
2707.53	-6.33429
2708.87	0.137939
2710.22	5.68378
2711.56	0.240295
2712.9	0.273621
2714.25	4.88409
2715.59	6.00983
2716.93	5.21826
2718.27	-4.41559
2719.61	-14.7899
2720.95	-5.78998
2722.3	-9.29663
2723.64	-5.08838
2724.98	4.6947
2726.32	3.73669
2727.66	6.82935
2729	1.93597
2730.34	6.53857
2731.68	12.7241
2733.02	13.8163
2734.35	13.3832
2735.69	7.96405
2736.38	5.42688
2737.72	-10.4263
2739.06	0.926819
2740.4	7.26245
2741.74	-2.30267
2743.08	-9.51624
2744.42	-5.6095
2745.76	7.12573
2747.1	7.47711
2748.44	12.1398
2749.78	22.075
2751.12	-2.38409
2752.45	6.68909
2753.79	12.1584
2755.13	16.4823
2756.47	3.69568
2757.81	21.5345
2759.14	1.36548
2760.48	8.31311
2761.82	-4.66602
2763.15	10.5157
2764.49	6.54089
2765.83	0.799866
2767.16	8.1709
2768.5	8.58319
2769.83	23.256
2771.17	15.2623
2772.5	10.2542
2773.84	26.5141
2775.17	12.5349
2776.51	13.9641
2777.84	9.67419
2779.17	7.38599
2780.51	2.49091
2781.84	16.2512
2783.17	12.0475
2784.5	16.3518
2785.84	14.7798
2787.17	20.2242
2788.5	26.4193
2789.83	9.85309
2791.16	18.2313
2792.5	18.4557
2793.83	22.3683
2795.16	7.41669
2796.49	25.3549
2797.82	20.1835
2799.15	12.9169
2800.48	25.3983
2801.81	27.4893
2803.14	14.2111
2804.47	25.8868
2805.79	19.6558
2807.12	14.1092
2808.45	25.1935
2809.78	13.7349
2811.11	19.5569
2812.44	18.2606
2813.76	17.7982
2815.09	15.2992
2816.42	16.4197
2817.74	19.9951
2819.07	10.8629
2820.4	21.6639
2821.72	16.0488
2823.05	10.7772
2824.38	7.00598
2825.7	15.4857
2827.03	14.6468
2828.35	7.9574
2829.67	7.16498
2831	25.2513
2832.32	2.53473
2833.65	-1.37378
2834.97	3.22913
2836.3	11.2557
2837.62	-4.31989
2838.94	10.0894
2840.26	9.93329
2841.59	-0.599609
2842.91	2.92908
2844.23	1.83862
2845.55	3.84509
2846.88	16.9388
2848.2	1.05035
2849.52	2.26581
2850.84	12.2817
2852.16	-3.3573
2853.48	2.06317
2854.8	-4.44562
2856.12	-5.23688
2857.44	10.309
2858.76	12.9299
2860.08	0.214905
2861.4	-2.44183
2862.72	13.7556
2864.03	14.9416
2865.35	5.51367
2866.67	9.466
2867.99	0.990173
2869.31	1.18677
2870.63	0.107788
2871.94	-5.12506
2873.26	1.06378
2874.58	14.2518
2875.89	9.3053
2877.21	5.57013
2878.52	3.9917
2879.84	3.64923
2881.16	13.6097
2882.47	20.8035
2883.79	7.63208
2885.1	-0.364441
2886.42	1.05902
2887.73	4.03009
2889.05	1.45697
2890.36	12.6552
2891.67	11.2044
2892.99	23.9398
2894.3	12.2531
2895.61	8.31116
2896.93	4.3363
2898.24	-3.22095
2899.55	14.2252
2900.86	5.60437
2902.18	9.98877
2903.49	5.88568
2904.8	5.05975
2906.11	4.15607
2907.42	-0.169373
2908.73	2.21997
2910.04	3.58649
2911.35	-6.341
2912.66	-3.03796
2913.97	-1.13593
2915.28	6.68964
2916.59	0.8703
2917.9	5.72461
2919.21	5.31311
2920.52	1.56024
2921.83	-4.00964
2923.13	4.53882
2924.44	6.91199
2925.75	12.2343
2927.06	14.9578
2928.37	9.24182
2929.67	3.92358
2930.98	6.24866
2932.29	-1.71143
2933.59	6.43481
2934.9	0.146973
2936.2	-1.93365
2937.51	5.60211
2938.82	7.39191
2940.12	-1.44897
2941.43	1.69568
2942.73	9.89667
2944.04	-1.04419
2945.34	4.98297
2946.64	5.92847
2947.95	15.9044
2949.25	17.398
2950.55	9.25305
2951.86	3.56061
2953.16	9.54944
2954.46	7.24805
2955.77	3.88422
2957.07	8.35455
2958.37	14.184
2959.67	12.415
2960.97	0.882874
2962.28	0.368896
2963.58	2.35608
2964.88	-1.73773
2966.18	3.29773
2967.48	2.0531
2968.78	8.25122
2970.08	6.37097
2971.38	8.9292
2972.68	12.0068
2973.98	8.60217
2975.28	16.8428
2976.58	7.08295
2977.87	10.5573
2979.17	18.2966
2980.47	24.6527
2981.77	19.7627
2983.07	11.6111
2984.36	11.9762
2985.66	11.7219
2986.96	16.1527
2988.26	1.92645
2989.55	-3.12305
2990.85	7.02332
2992.15	5.63776
2993.44	8.38763
2994.74	13.5109
2996.03	21.7286
2997.33	8.72034
2998.62	20.1907
2999.92	25.5186
3001.21	13.2303
3002.51	18.2075
3003.8	17.3243
3005.1	13.8326
3006.39	11.5033
3007.68	10.1615
3008.98	7.60773
3010.27	8.75031
3011.56	17.5758
3012.85	12.7762
3014.15	18.1964
3015.44	24.5168
3016.73	16.9817
3018.02	13.5856
3019.31	10.6679
3020.6	24.3322
3021.89	25.6956
3023.18	21.8306
3024.48	23.4244
3025.77	24.2841
3027.06	19.8033
3028.35	19.1784
3029.64	23.4244
3030.92	22.7427
3032.21	20.9791
3033.5	18.7802
3034.79	12.2723
3036.08	16.7161
3037.37	22.7089
3038.66	10.1534
3039.94	13.0615
3041.23	21.3068
3042.52	15.1656
3043.81	15.0897
3045.09	15.3303
3046.38	7.16742
3047.67	8.09302
3048.95	18.8641
3050.24	22.7426
3051.53	22.0821
3052.81	25.5495
3054.1	16.5974
3055.38	12.8754
3056.67	9.03815
3057.95	6.34564
3059.24	9.11371
3060.52	14.571
3061.8	15.5884
3063.09	14.0812
3064.37	9.3172
3065.65	7.90698
3066.94	8.43951
3068.22	6.63147
3069.5	4.81836
3070.79	5.02454
3072.07	4.37134
3073.35	-4.11023
3074.63	2.90515
3075.91	15.5012
3077.19	6.13605
3078.48	5.02545
3079.76	10.0668
3081.04	8.52454
3082.32	-6.88867
3083.6	-0.712585
3084.88	9.7572
3086.16	10.9219
3087.44	6.32025
3088.72	6.9552
3090	2.47797
3091.27	3.22388
3092.55	11.6431
3093.83	7.09003
3095.11	5.81134
3096.39	8.05066
3097.67	10.9208
3098.94	6.02008
3100.22	4.54126
3101.5	5.43726
3102.77	1.88696
3104.05	7.53595
3105.33	12.9454
3106.6	6.10938
3107.88	6.15149
3109.16	11.306
3110.43	7.28583
3111.71	3.94519
3112.98	5.05463
3114.26	2.28143
3115.53	2.68976
3116.81	2.32959
3118.08	2.88196
3119.35	8.07715
3120.63	12.6121
3121.9	8.72498
3123.18	7.68134
3124.45	7.80859
3125.72	-2.04431
3126.99	9.5343
3128.26	14.5215
3129.54	11.7803
3130.81	15.7849
3132.08	15.45
3133.35	13.446
3134.63	20.649
3135.9	21.2048
3137.17	9.97656
3138.44	1.01984
3139.71	11.5637
3140.98	21.5364
3142.25	23.4628
3143.52	9.8172
3144.79	4.30389
3146.06	16.8441
3147.33	10.9516
3148.59	7.56262
3149.86	4.51923
3151.13	7.48956
3152.4	7.48352
3153.67	15.368
3154.94	14.6819
3156.2	12.8356
3157.47	13.0811
3158.74	18.0934
3160.01	14.9008
3161.27	8.97272
3162.54	8.1955
3163.8	-0.653015
3165.07	-4.16315
3166.34	9.48035
3167.6	7.3634
3168.87	13.5439
3170.13	9.05457
3171.4	6.08307
3172.66	9.72314
3173.93	3.9386
3175.19	13.0164
3176.46	12.2465
3177.72	7.40216
3178.98	-1.79572
3179.83	7.64191
3181.09	-0.775818
3182.36	14.0206
3183.62	2.30511
3184.89	-9.45172
3186.15	1.68665
3187.42	-0.410706
3188.68	9.27344
3189.95	5.95947
3191.21	13.7576
3192.47	2.21185
3193.74	13.7551
3195	10.5325
3196.26	6.89886
3197.53	-5.60748
3198.79	9.64032
3200.05	12.2577
3201.32	-5.44159
3202.58	2.10492
3203.84	1.39661
3205.1	2.0896
3206.36	9.75708
3207.62	1.3252
3208.89	6.86493
3210.15	1.80194
3211.41	-12.5029
3212.67	-12.2253
3213.93	-6.71869
3215.19	-11.0358
3216.45	3.21875
3217.71	-3.28644
3218.97	-3.76056
3220.23	-1.48474
3221.48	9.50739
3222.74	-9.34729
3224	3.25262
3225.26	7.48694
3226.52	4.63342
3227.77	6.57959
3229.03	-4.17859
3230.29	0.438049
3231.55	9.40771
3232.8	-2.82495
3234.06	5.65759
3235.32	4.69214
3236.57	2.03656
3237.83	-6.24597
3239.09	-5.00464
3240.34	4.94025
3241.6	-10.6078
3242.85	-2.05713
3244.11	-4.54974
3245.36	3.18884
3246.62	-5.96039
3247.87	-11.8809
3249.12	-4.31134
3250.38	2.3222
3251.63	1.51508
3252.89	4.28326
3254.14	-4.7373
3255.39	-3.30402
3256.64	-8.92786
3257.9	-1.07068
3259.15	4.23798
3260.4	5.93677
3261.65	6.60645
3262.91	5.2691
3264.16	6.41418
3265.41	6.15173
3266.66	3.5694
3267.91	6.98889
3269.16	14.7613
3270.41	10.1967
3271.66	-5.74908
3272.91	0.206238
3274.16	-2.43683
3275.41	-2.80316
3276.66	6.97931
3277.91	6.42621
3279.16	6.99261
3280.41	-1.72516
3281.66	4.37939
3282.9	10.1282
3284.15	-5.90009
3285.4	6.92133
3286.65	-1.12891
3287.89	-3.33002
3289.14	-8.90143
3290.39	-15.2047
3291.64	-3.68787
3292.88	9.43994
3294.13	4.40936
3295.38	-1.17224
3296.62	11.9506
3297.87	8.82043
3299.11	7.56958
3300.36	8.51147
3301.6	0.562927
3302.85	10.8723
3304.09	-0.282593
3305.34	4.43433
3306.58	4.34082
3307.83	2.38202
3309.07	0.389221
3310.31	15.1245
3311.56	5.37286
3312.8	0.0587158
3314.04	5.72424
3315.29	4.32538
3316.53	4.73029
3317.77	9.44287
3319.01	6.03333
3320.25	12.7109
3321.49	2.15997
3322.74	4.85919
3323.98	8.72656
3325.22	8.10785
3326.46	10.6013
3327.7	2.10657
3328.94	2.25891
3330.18	6.73096
3331.42	7.83325
3332.66	9.66498
3333.9	10.4623
3335.14	7.08557
3336.38	2.849
3337.62	7.31836
3338.86	10.4904
3340.1	3.67731
3341.33	9.69507
3342.57	6.59973
3343.81	-1.76459
3345.05	6.83765
3346.28	4.76599
3347.52	3.62189
3348.76	2.10834
3350	3.99921
3351.23	4.15076
3352.47	21.8352
3353.71	11.7032
3354.94	10.4026
3356.18	8.72449
3357.41	4.88611
3358.65	7.57831
3359.88	0.545593
3361.12	-1.49005
3362.35	7.47668
3363.59	9.19244
3364.82	5.20947
3366.05	4.83252
3367.29	4.77698
3368.52	7.23322
3369.76	6.73096
3370.99	6.534
3372.22	10.4613
3373.46	3.05267
3374.69	-0.602722
3375.92	-2.79279
3377.15	1.2948
3378.38	2.58893
3379.62	-1.72632
3380.85	2.63214
3382.08	1.99573
3383.31	5.13684
3384.54	0.752869
3385.77	-1.65149
3387	0.611389
3388.23	5.84991
3389.46	2.49689
3390.69	-0.354431
3391.92	-3.16638
3393.15	-2.79608
3394.38	-0.25415
3395.61	1.87659
3396.84	9.75146
3398.07	7.38403
3399.3	2.48395
3400.52	5.35138
3401.75	15.4716
3402.98	15.4227
3404.21	11.5556
3405.44	10.9648
3406.66	6.85577
3407.89	14.1474
3409.12	16.822
3410.34	14.5934
3411.57	12.9681
3412.79	15.7635
3414.02	11.3825
3415.25	10.7289
3416.47	7.39685
3417.7	16.5841
3418.92	12.532
3420.15	15.5639
3421.37	17.2289
3422.6	14.7393
3423.82	15.5577
3425.04	14.3163
3426.27	11.9752
3427.49	21.2101
3428.72	25.5005
3429.94	26.9843
3431.16	24.2342
3432.38	23.739
3433.61	21.7167
3434.83	23.7978
3436.05	19.4366
3437.27	19.1978
3438.5	12.9214
3439.72	16.9042
3440.94	19.2721
3442.16	24.3542
3443.38	30.624
3444.6	32.0519
3445.82	31.5342
3447.04	34.2859
3448.26	29.8898
3449.48	23.2516
3450.7	29.1046
3451.92	35.2623
3453.14	27.2236
3454.36	24.5939
3455.58	23.046
3456.8	19.7759
3458.01	26.2482
3459.23	28.9498
3460.45	29.9556
3461.67	32.9464
3462.89	24.651
3464.1	25.5773
3465.32	28.7063
3466.54	28.7708
3467.75	29.4229
3468.97	28.3954
3470.19	31.525
3471.4	30.0154
3472.62	31.5967
3473.83	31.7318
3475.05	23.2155
3476.27	33.0287
3477.48	33.3276
3478.7	28.7084
3479.91	31.4539
3481.13	41.8192
3482.34	42.4249
3483.55	39.4822
3484.77	32.7272
3485.98	30.5595
3487.19	37.5924
3488.41	40.0836
3489.62	34.6022
3490.83	35.7809
3492.05	28.4915
3493.26	35.1484
3494.47	32.4631
3495.68	32.7807
3496.89	36.4821
3498.11	34.2413
3499.32	34.7671
3500.53	33.036
3501.74	24.7758
3502.95	27.0958
3504.16	33.7379
3505.37	30.5211
3506.58	32.2225
3507.79	36.4396
3509	29.9944
3510.21	33.2778
3511.42	25.7502
3512.63	31.9598
3513.84	24.1688
3515.05	26.4588
3516.26	30.6539
3517.46	26.9681
3518.67	31.629
3519.88	34.2538
3521.09	26.2057
3522.3	21.0592
3523.5	15.4899
3524.71	19.7608
3525.92	30.6742
3527.12	20.7147
3528.33	20.2605
3529.54	18.3636
3530.74	15.7902
3531.95	20.4294
3533.15	15.6302
3534.36	20.3284
3535.57	19.1801
3536.77	17.1572
3537.97	17.2694
3539.18	14.9525
3540.38	21.5172
3541.59	24.3871
3542.79	18.9728
3544	17.4909
3545.2	19.5876
3546.4	12.6702
3547.61	8.0867
3548.81	15.7606
3550.01	13.6698
3551.21	18.4958
3552.42	12.731
3553.62	5.7868
3554.82	11.2521
3556.02	7.98529
3557.22	7.32526
3558.43	11.2459
3559.63	-4.00928
3560.83	0.286194
3562.03	8.92355
3563.23	8.64621
3564.43	13.7705
3565.63	10.4893
3566.83	9.52264
3568.03	6.07312
3569.23	12.4908
3570.43	4.83798
3571.63	8.32135
3572.83	10.2788
3574.02	13.057
3575.22	10.9386
3576.42	4.11362
3577.62	3.65674
3578.82	12.3477
3580.02	0.978851
3581.21	4.01199
3582.41	-1.75238
3583.61	0.690796
3584.8	-0.851044
3586	-1.75867
3587.2	1.03564
3588.4	-1.49396
3589.59	-4.62704
3590.79	7.91629
3591.98	2.78171
3593.18	3.43033
3594.37	4.93491
3595.57	8.70175
3596.76	15.8512
3597.81	-1.65955
3599.01	4.37784
3600.21	0.390839
3601.4	1.27786
3602.6	4.16653
3603.8	6.50464
3604.99	4.82346
3606.19	3.23456
3607.38	5.23883
3608.58	-0.059021
3609.77	6.35721
3610.97	10.4213
3612.16	9.10699
3613.36	2.67194
3614.55	-5.64139
3615.75	1.11368
3616.94	8.55844
3618.13	-5.47498
3619.33	10.7766
3620.52	11.1985
3621.71	6.39575
3622.91	2.35428
3624.1	2.556
3625.29	14.4247
3626.48	8.49127
3627.68	2.82831
3628.87	3.06885
3630.06	7.99957
3631.25	2.89191
3632.44	-3.05908
3633.63	0.710175
3634.82	12.8992
3636.02	0.395142
3637.21	2.05612
3638.4	11.4214
3639.59	9.90552
3640.78	2.56821
3641.97	-4.64551
3643.16	-1.74252
3644.34	9.77756
3645.53	-6.34244
3646.72	2.4548
3647.91	7.0437
3649.1	2.56619
3650.29	2.76993
3651.48	2.82584
3652.67	5.74997
3653.85	3.36429
3655.04	-7.15317
3656.23	1.10641
3657.42	-1.94327
3658.6	1.43042
3659.79	7.02103
3660.97	0.804962
3662.16	-10.8545
3663.35	-1.65988
3664.53	0.0264587
3665.72	-0.665466
3666.9	2.96109
3668.09	6.51999
3669.28	10.5032
3670.46	5.51984
3671.65	6.35873
3672.83	-0.489349
3674.01	6.83487
3675.2	14.7882
3676.38	14.9366
3677.57	10.4853
3678.75	5.48093
3679.93	6.32932
3681.12	10.3842
3682.3	3.18378
3683.48	-1.15347
3684.67	5.24026
3685.85	3.03259
3687.03	6.07111
3688.21	2.06531
3689.39	7.85245
3690.58	11.9384
3691.76	8.35376
3692.94	6.78757
3694.12	3.87796
3695.3	10.9683
3696.48	5.14966
3697.66	5.71637
3698.84	9.40442
3699.19	11.7892
