61.6482	138.24
63.4877	47.0254
65.3269	-10.4023
67.1635	-9.80908
69.002	2.4563
70.8401	24.0391
72.6756	46.6707
74.513	54.5884
76.35	130.243
78.1866	180.489
80.0208	262.257
81.8567	349.05
83.6923	429.732
85.5253	561.347
87.3602	690.225
89.1925	831.452
91.0267	1083.93
92.8604	1437.88
94.6917	1897.45
96.5247	2481.06
98.3574	3197.42
100.188	3973.99
102.02	4513.5
103.849	4662.87
105.68	4335.87
107.509	3807.3
109.34	3165.67
111.168	2540.01
112.997	1954.68
114.827	1458.58
116.654	1097.8
118.483	819.543
120.309	628.523
122.137	500.462
123.962	407.642
125.79	358.688
127.615	309.568
129.439	265.565
131.265	264.839
133.089	271.44
134.915	270.239
136.738	299.021
138.562	277.331
140.385	303.662
142.207	325.727
144.03	312.663
145.852	315.365
147.675	282.728
149.495	228.038
151.316	204.396
153.137	190.462
154.957	165.579
156.776	163.699
158.597	158.717
160.415	155.415
162.233	150.736
164.053	128.897
165.871	112.931
167.688	99.1663
169.506	93.2971
171.323	63.8293
173.139	48.512
174.954	18.2258
176.772	28.3486
178.586	25.9492
180.401	9.79907
182.215	13.1687
184.031	23.877
185.844	25.4644
187.658	31.8545
189.47	41.7439
191.283	68.0669
193.097	34.9277
194.909	22.9648
196.72	33.3066
198.531	12.8254
200.342	16.7922
202.152	12.3137
203.962	34.4883
205.773	5.62061
207.583	4.97119
209.392	-11.0852
211.2	19.4541
213.008	-1.14868
214.816	16.9629
216.624	10.6948
218.431	30.9414
220.237	24.2551
222.044	28.5757
223.85	19.2319
225.656	2.94434
227.461	12.0276
229.268	-9.00806
231.073	1.69897
232.877	-9.33716
234.681	-3.9668
236.485	-27.8818
238.286	-30.3606
240.089	-23.2869
241.891	-43.1921
243.693	-21.686
245.495	1.11792
247.297	-23.1956
249.098	-14.4163
250.899	-4.6897
252.699	-0.353516
254.499	-8.82129
256.299	-2.20093
258.098	-19.9446
259.897	7.11035
261.694	14.6257
263.492	17.9819
265.29	46.0889
267.088	49.6846
268.885	60.1223
270.682	80.9001
272.479	77.334
274.273	66.179
276.069	61.8127
277.865	67.116
279.66	81.1594
281.455	104.407
283.247	93.8987
285.041	122.005
286.835	124.741
288.629	129.986
290.42	139.843
292.212	112.351
294.005	107.807
295.797	96.6074
297.587	58.3508
299.378	53.6377
301.169	51.5122
302.958	23.4612
304.748	41.4241
306.538	27.5916
308.326	24.7637
310.115	15.0381
311.904	31.0305
313.69	9.31787
315.479	24.8689
317.267	24.2051
319.052	53.9365
320.839	42.4944
322.624	41.783
324.411	24.8647
326.197	30.5493
327.981	41.1494
329.766	44.1548
331.549	58.6973
333.334	40.1064
335.116	64.7568
336.901	71.1807
338.682	77.8848
340.466	67.6172
342.247	99.6301
344.03	71.3237
345.81	76.272
347.592	84.3596
349.372	82.4434
351.153	85.6077
352.932	98.8687
354.713	92.4551
356.491	107.569
358.271	120.935
360.048	137.213
361.826	123.128
363.605	154.589
365.381	125.865
367.16	145.224
368.935	130.559
370.711	104.972
372.488	100.26
374.263	113.61
376.038	103.617
377.814	107.835
379.588	106.667
381.361	101.467
383.136	92.1191
384.909	88.2273
386.682	118.38
388.456	104.683
390.228	87.9521
391.999	96.6821
393.77	98.9036
395.543	70.0305
397.313	56.8164
399.083	57.8308
400.853	44.2749
402.625	43.2466
404.394	29.0391
406.162	48.415
407.931	44.1204
409.701	45.7505
411.468	35.7275
413.236	48.0598
415.003	40.825
416.769	36.9692
418.536	32.9497
420.302	9.10645
422.069	31.1375
423.835	29.647
425.6	39.6719
427.364	40.4766
429.129	33.8926
430.893	31.1296
432.656	34.0374
434.419	46.9341
436.182	63.6165
437.945	61.093
439.707	29.9592
441.471	49.2429
443.233	54.5122
444.994	42.3101
446.755	30.6318
448.515	37.6401
450.276	35.9636
452.036	23.8608
453.795	19.1331
455.554	5.15747
457.311	-1.12646
459.07	-2.41577
460.828	4.5061
462.586	-27.4604
464.343	-8.13965
466.101	10.1328
467.857	13.3059
469.614	5.02222
471.37	36.4099
473.126	57.5916
474.881	58.8828
476.637	59.2893
478.389	112.724
480.144	163.069
481.898	223.62
483.652	284.487
485.405	334.703
487.159	309.166
488.909	215.852
490.662	133.197
492.414	96.4954
494.166	80.7935
495.917	51.6946
497.666	68.6426
499.417	63.9514
501.168	57.4099
502.918	47.0405
504.665	41.6621
506.415	50.5684
508.164	49.7065
509.911	62.6794
511.659	74.592
513.407	77.3372
515.155	73.8721
516.901	65.9011
518.648	61.9451
520.395	62.5286
522.139	46.8884
523.885	66.1504
525.629	49.8391
527.374	40.4324
529.12	57.6809
530.862	53.2446
532.607	62.8047
534.351	86.7114
536.093	72.9468
537.836	56.1152
539.577	76.0618
541.32	42.385
543.06	41.9849
544.803	39.9158
546.542	19.9734
548.284	35.5288
550.023	41.416
551.764	58.7314
553.502	28.1858
555.242	40.0723
556.98	68.1057
558.719	69.1482
560.457	41.9568
562.195	47.1929
563.932	43.6594
565.67	105.574
567.406	132.005
569.143	182.323
570.878	184.585
572.613	151.748
574.35	87.0518
576.084	23.8474
577.82	26.0879
579.553	19.5215
581.286	11.228
583.021	9.62036
584.754	29.7935
586.486	17.3962
588.22	27.343
589.951	16.1057
591.682	33.0596
593.415	29.2419
595.146	22.0034
596.876	16.3762
598.606	24.7068
600.337	15.2192
602.066	38.5454
603.795	48.0327
605.524	52.1418
607.254	46.7156
608.982	74.6794
610.71	89.7385
612.437	123.128
614.164	163.296
615.892	209.932
617.618	406.456
619.344	595.711
621.07	956.358
622.795	1207.97
624.52	1364.07
626.247	1233.69
627.971	1075.05
629.695	869.732
631.419	590.017
633.142	383.932
634.865	278.569
636.588	233.949
638.31	164.841
640.032	162.703
641.753	131.314
643.475	130.703
645.196	88.7739
646.917	79.0618
648.637	113.822
650.359	93.72
652.079	48.2236
653.798	74.554
655.515	54.3831
657.234	23.1401
658.952	67.5947
660.67	92.3298
662.388	71.6606
664.105	56.5701
665.822	22.0935
666.019	19.7158
667.74	22.3999
669.458	20.3884
671.178	2.37646
672.896	13.5789
674.615	-2.68701
676.333	-19.1399
678.051	-9.63062
679.768	-50.0886
681.484	-22.3362
683.202	-17.9856
684.917	-14.0505
686.634	-22.9561
688.349	-26.1284
690.064	-45.5881
691.78	-24.3894
693.494	-8.56982
695.207	-9.37183
696.922	-4.27637
698.635	-25.2334
700.348	-19.8879
702.062	-3.4585
703.774	14.7324
705.486	22.4788
707.199	21.6421
708.91	28.4534
710.62	35.136
712.333	6.02344
714.043	32.4399
715.752	27.887
717.462	27.0415
719.173	39.4397
720.881	39.8018
722.59	50.613
724.298	37.5051
726.007	14.3916
727.715	26.8464
729.422	5.92944
731.129	21.2568
732.835	58.0637
734.541	62.1128
736.249	50.1467
737.954	58.6826
739.659	54.3916
741.364	80.3948
743.069	66.6924
744.773	49.6465
746.477	73.9006
748.182	86.6663
749.885	133.388
751.588	104.565
753.291	129.99
754.993	107.778
756.695	105.907
758.397	110.36
760.098	127.629
761.799	97.4812
763.499	117.827
765.2	82.8767
766.9	86.6628
768.599	88.9624
770.299	108.156
771.998	96.6074
773.696	112.457
775.395	139.95
777.093	192.071
778.791	189.995
780.488	216.28
782.185	184.658
783.882	163.229
785.578	123.71
787.274	91.2119
788.97	55.6902
790.666	55.1702
792.359	21.325
794.054	4.85156
795.748	11.0701
797.443	-0.5979
799.137	-3.25
800.83	-0.316895
802.523	-32.1226
804.214	-1.6897
805.907	-15.4275
807.599	30.2549
809.291	58.822
810.983	-7.74951
812.674	37.4883
814.363	30.7976
816.054	24.033
817.745	50.9353
819.435	29.0576
821.122	9.60132
822.812	11.2229
824.501	49.6184
826.19	-3.77832
827.876	22.6199
829.565	23.3401
831.253	42.8635
832.938	43.9927
834.625	23.9902
836.312	3.30493
837.999	18.6636
839.683	19.8757
841.369	29.95
843.053	64.2778
844.738	21.1387
846.423	64.8132
848.106	42.573
849.79	56.0007
851.474	30.3823
853.156	27.5793
854.84	56.6619
856.521	47.1863
858.203	28.3909
859.886	21.2954
861.566	44.6389
863.248	38.2737
864.928	46.416
866.609	43.8796
868.288	41.3667
869.968	61.8367
871.647	66.2407
873.327	77.4038
875.004	101.817
876.684	81.2122
878.361	61.783
880.039	42.8696
881.716	70.0884
883.394	12.26
885.07	-8.64185
886.745	57.2158
888.422	43.8027
890.097	41.8879
891.774	37.8652
893.448	51.6409
895.122	53.4922
896.798	45.324
898.471	40.8333
900.146	21.9148
901.819	50.3826
903.491	20.302
905.165	48.1743
906.837	38.6746
908.508	43.7361
910.181	40.4297
911.852	14.1489
913.522	43.7615
915.195	50.228
916.864	42.5171
918.534	59.7681
920.203	65.73
921.874	80.7136
923.543	61.803
925.211	59.4155
926.879	84.031
928.549	77.4475
930.216	48.7625
931.883	77.554
933.55	114.782
935.216	68.7053
936.884	54.5051
938.55	68.3516
940.216	85.9072
941.881	51.8401
943.546	64.3579
945.21	88.9448
946.875	84.3591
948.54	46.8928
950.204	66.5239
951.867	93.4456
953.53	91.0579
955.193	73.7058
956.856	55.2922
958.518	96.7178
960.179	114.804
961.841	99.1116
963.502	95.5427
965.163	88.9436
966.823	87.6121
968.484	102.001
970.144	88.7324
971.803	97.9214
973.463	83.678
975.122	90.0017
976.78	97.7168
978.439	73.4385
980.097	92.6758
981.754	129.885
983.412	132.178
985.069	126.055
986.726	109.066
988.382	108.412
990.039	139.699
991.695	201.027
993.35	235.177
995.005	257.664
996.659	305.263
998.313	370.857
999.968	410.754
1001.62	399.959
1003.28	411.263
1004.93	358.896
1006.58	236.028
1008.23	200.014
1009.89	144.207
1011.54	150.166
1013.19	116.397
1014.84	126.807
1016.49	118.543
1018.14	117.179
1019.79	102.242
1021.44	126.003
1023.09	133.177
1024.74	106.663
1026.39	111.478
1028.04	125.995
1029.69	143.807
1031.33	175.696
1032.98	235.867
1034.63	282.199
1036.28	339.813
1037.92	436.699
1039.57	516.224
1041.22	616.048
1042.86	730.345
1044.51	815.912
1046.15	825.373
1047.8	808.628
1049.44	681.953
1051.09	553.218
1052.73	424.602
1054.37	331.115
1056.01	251.569
1057.66	173.521
1059.3	143.942
1060.94	158.02
1062.59	124.383
1064.23	98.3667
1065.87	138.998
1067.51	108.744
1069.15	94.9033
1070.79	96.3127
1072.43	82.9348
1074.07	56.0754
1075.71	69.4385
1077.35	50.9268
1078.98	76.3652
1080.62	73.8804
1082.26	63.6829
1083.9	81.3179
1085.54	67.1563
1087.18	82.5398
1088.81	76.9622
1090.45	75.1128
1092.08	84.4482
1093.72	95.8215
1095.35	55.0881
1096.99	62.4995
1098.62	69.4238
1100.26	75.3855
1101.89	27.7954
1103.53	62.5276
1105.16	65.8145
1106.79	62.0398
1108.43	77.49
1110.06	98.3508
1111.69	73.0859
1113.32	82.4761
1114.96	85.0757
1116.59	89.0498
1118.22	86.752
1119.85	123.436
1121.48	88.167
1123.11	85.0884
1124.74	81.7268
1126.37	48.6931
1128	53.3374
1129.63	67.5752
1131.25	44.2664
1132.88	27.3867
1134.51	23.3984
1136.14	44.5986
1137.77	51.3464
1139.39	51.9153
1141.02	41.2075
1142.64	1.78369
1144.27	-12.8992
1145.9	10.6462
1147.52	16.7805
1149.15	1.1582
1150.77	-18.7954
1152.4	-13.1807
1154.02	-35.155
1155.64	-50.925
1157.27	-14.4443
1158.89	-4.69067
1160.51	-3.02466
1162.14	-1.69775
1163.76	-5.98584
1165.38	-15.9172
1167	-15.6477
1168.62	-22.7209
1170.24	-26.2717
1171.86	-27.4041
1173.48	-46.9119
1175.1	-16.6013
1176.72	-19.8367
1178.34	-15.9165
1179.96	-41.1943
1181.58	-26.7756
1183.2	-10.6648
1184.82	10.5154
1186.43	-0.292236
1188.05	-8.69287
1189.67	-3.625
1191.29	1.38574
1192.9	-19.9077
1194.52	-40.7295
1196.13	-23.9158
1197.75	-35.7661
1199.36	-16.5317
1200.98	-22.5435
1202.59	-33.0447
1204.21	-39.6694
1205.82	-37.8037
1207.44	-13.644
1209.05	-23.6311
1210.66	-11.5496
1212.27	-26.999
1213.89	-40.3557
1215.5	-27.4404
1217.11	-18.6462
1218.72	-2.2229
1220.33	18.9353
1221.95	9.98364
1223.56	3.07324
1225.17	-0.56958
1226.78	-0.635498
1228.39	-4.14282
1230	-57.2644
1231.6	-62.5752
1233.21	-18.5618
1234.82	-20.2542
1235.39	-36.4973
1237	-51.8359
1238.61	-34.6809
1240.22	-26.9258
1241.84	-26.7747
1243.45	-30.5745
1245.05	-36.0862
1246.66	-76.6389
1248.27	-42.936
1249.88	-60.2463
1251.49	-38.5869
1253.1	13.2351
1254.7	7.56689
1256.31	-26.2788
1257.92	-36.9189
1259.53	-8.11206
1261.13	10.2991
1262.74	-15.3354
1264.34	-25.4373
1265.95	-24.3115
1267.55	-7.85278
1269.16	18.1514
1270.76	-5.61841
1272.37	-4.46655
1273.97	-4.47314
1275.57	-4.66016
1277.18	31.8679
1278.78	22.4429
1280.38	31.1755
1281.98	29.1462
1283.59	33.0837
1285.19	34.8291
1286.79	31.5554
1288.39	52.7734
1289.99	57.9836
1291.59	48.6233
1293.19	37.3191
1294.79	36.3301
1296.39	35.1072
1297.99	39.4878
1299.59	12.6606
1301.19	21.397
1302.78	16.8772
1304.38	-16.7061
1305.98	-7.75903
1307.58	8.81592
1309.18	-10.8101
1310.77	-16.1714
1312.37	-17.7622
1313.96	10.2029
1315.56	-5.90332
1317.16	-5.16553
1318.75	-11.8926
1320.35	6.09521
1321.94	12.4385
1323.54	9.40381
1325.13	9.94702
1326.72	25.9753
1328.32	4.77246
1329.91	-1.21948
1331.5	29.2043
1333.09	0.537598
1334.69	-7.30469
1336.28	4.323
1337.87	7.18604
1339.46	12.2839
1341.05	2.96753
1342.64	29.3652
1344.23	10.3008
1345.82	18.9307
1347.41	48.6018
1349	62.5256
1350.59	75.6636
1352.18	122.951
1353.77	133.285
1355.36	119.649
1356.94	134.255
1358.53	128.046
1360.12	94.2983
1361.71	122.765
1363.29	125.914
1364.88	98.4934
1366.46	104.244
1368.05	67.1216
1369.63	84.3792
1371.22	69.1602
1372.8	47.6936
1374.39	65.979
1375.97	83.5579
1377.56	57.8916
1379.14	66.2776
1380.73	74.8484
1382.31	96.2695
1383.89	90.7622
1385.47	134.759
1387.05	118.378
1388.64	96.9966
1390.22	91.0508
1391.8	102.388
1393.38	78.3174
1394.96	67.5754
1396.54	103.581
1398.12	96.7371
1399.7	125.051
1401.28	134.497
1402.86	151.292
1404.44	172.841
1406.02	163.86
1407.59	161.5
1409.17	176.63
1410.75	202.612
1412.33	256.192
1413.9	281.833
1415.48	285.228
1417.06	326.571
1418.63	377.665
1420.21	427.226
1421.78	512.181
1423.36	569.767
1424.93	673.6
1426.51	794.114
1428.08	873.377
1429.66	973.405
1431.23	1041.25
1432.8	1073.47
1434.38	1105.83
1435.95	1061.83
1437.52	976.999
1439.09	873.905
1440.67	724.116
1442.24	598.858
1443.81	535.049
1445.38	437.318
1446.95	364.566
1448.52	289.589
1450.09	225.074
1451.66	183.11
1453.23	173.463
1454.8	145.029
1456.37	115.676
1457.94	98.9194
1459.5	79.7654
1461.07	75.6406
1462.64	67.4321
1464.21	92.6167
1465.77	81.0547
1467.34	68.5269
1468.91	99.781
1470.47	91.0957
1472.04	121.821
1473.6	120.739
1475.17	143.481
1476.73	153.858
1478.3	149.219
1479.86	161.788
1481.43	168.138
1482.99	202.165
1484.56	233.535
1486.12	234.406
1487.68	277.618
1489.24	292.588
1490.81	339.11
1492.37	371.366
1493.93	388.127
1495.49	456.285
1497.05	518.401
1498.61	578.545
1500.17	690.455
1501.73	690.473
1503.29	722.188
1504.85	747.655
1506.41	716.645
1507.97	647.663
1509.53	601.905
1511.09	537.359
1512.65	479.508
1514.2	429.938
1515.76	360.279
1517.32	320.729
1518.88	281.862
1520.43	244.167
1521.99	202.818
1523.54	184.593
1525.1	174.827
1526.65	139.688
1528.21	122.157
1529.76	114.883
1531.32	87.2043
1532.87	69.2075
1534.43	56.3533
1535.98	25.78
1537.53	40.6787
1539.09	19.5669
1540.64	16.5715
1542.19	7.21582
1543.75	27.5454
1545.3	23.5371
1546.85	29.8086
1548.4	46.2302
1549.95	44.3567
1551.5	23.1875
1553.05	25.9236
1554.6	60.6624
1556.15	36.1047
1557.7	35.5525
1559.25	29.5986
1560.8	17.7878
1562.35	22.5366
1563.9	38.7244
1565.44	25.7412
1566.99	31.4243
1568.54	33.4185
1570.09	56.229
1571.63	55.9482
1573.18	69.1345
1574.73	77.0889
1576.27	67.8745
1577.82	45.373
1579.36	76.1426
1580.91	86.78
1582.45	100.1
1584	163.241
1585.54	204.839
1587.09	218.229
1588.63	238.736
1590.17	275.26
1591.72	320.985
1593.26	341.267
1594.8	355.508
1596.34	322.789
1597.89	309.292
1599.43	292.852
1600.97	253.287
1602.51	223.002
1604.05	167.525
1605.59	152.452
1607.13	121.461
1608.67	124.036
1610.21	132.41
1611.75	111.179
1613.29	113.052
1614.83	114.121
1616.37	111.719
1617.9	126.161
1619.44	124.036
1620.98	157.825
1622.52	176.606
1624.05	216.57
1625.59	253.972
1627.13	268.362
1628.66	328.938
1630.2	406.352
1631.73	495.566
1633.27	566.258
1634.8	707.767
1636.34	772.288
1637.87	881.319
1639.41	943.604
1640.94	958.881
1642.47	927.376
1644.01	856.702
1645.54	766.587
1647.07	724.24
1648.61	605.275
1650.14	466.378
1651.67	430.484
1653.2	336.363
1654.73	309.409
1656.26	272.922
1657.79	215.99
1659.32	223.401
1660.85	199.501
1662.38	194.624
1663.91	187.065
1665.44	154.145
1666.97	147.404
1668.5	138.009
1670.03	153.873
1671.55	100.735
1673.08	88.8474
1674.61	80.6777
1676.14	77.6174
1677.66	85.6731
1679.19	85.3562
1680.72	130.245
1682.24	85.0652
1683.77	100.548
1685.29	86.1482
1686.82	90.802
1688.34	105.383
1689.87	122.666
1691.39	116.116
1692.91	111.877
1694.44	105.294
1695.96	109.252
1697.48	123.871
1699.01	129.404
1700.53	120.972
1702.05	140.757
1703.57	160.925
1705.1	114.391
1706.62	96.667
1708.14	93.6621
1709.66	64.032
1711.18	97.2468
1712.7	83.8196
1714.22	71.7292
1715.74	42.8992
1717.26	42.2571
1718.78	49.842
1720.3	74.7244
1721.81	71.3594
1723.33	-7.68433
1724.85	37.7166
1726.37	15.187
1727.89	28.1626
1729.4	12.8018
1730.92	36.2568
1732.44	18.3794
1733.95	11.2576
1735.47	23.105
1736.98	40.5764
1738.5	40.9661
1740.01	27.804
1741.53	21.8669
1743.04	26.6648
1744.56	-20.0349
1746.07	0.77832
1747.58	-26.3452
1749.1	-8.46533
1750.61	22.4614
1752.12	-19.4805
1753.64	4.02612
1755.15	-28.3711
1756.66	-30.3923
1758.17	-3.8623
1759.68	11.064
1761.19	24.0168
1762.71	20.2732
1764.22	-16.3657
1765.73	35.9412
1767.24	5.66797
1768.67	-6.77417
1770.19	23.8484
1771.7	14.7878
1773.21	16.4612
1774.72	-22.1138
1776.23	-4.30127
1777.74	13.4409
1779.25	16.8262
1780.76	28.0225
1782.27	20.3557
1783.78	33.3542
1785.29	16.7996
1786.8	47.8469
1788.31	-28.6279
1789.82	-33.4524
1791.33	-34.8086
1792.84	-2.16626
1794.34	-3.84155
1795.85	-6.09961
1797.36	9.32983
1798.86	14.6938
1800.37	-0.0534668
1801.88	-11.6929
1803.38	-8.1626
1804.89	-2.96777
1806.39	-4.93408
1807.9	-13.2017
1809.4	4.24194
1810.91	-19.9187
1812.41	-27.9934
1813.92	28.1912
1815.42	-15.009
1816.92	5.88428
1818.43	16.2661
1819.93	28.6252
1821.43	37.2222
1822.93	6.51147
1824.44	10.4128
1825.94	3.82178
1827.44	35.2959
1828.94	47.4863
1830.44	7.27783
1831.94	28.3201
1833.44	0.59082
1834.94	8.28247
1836.44	-23.0522
1837.94	-14.114
1839.44	-34.0168
1840.94	-20.5503
1842.44	-0.518311
1843.94	-18.5608
1845.44	14.7026
1846.93	0.624023
1848.43	-19.7234
1849.93	-10.355
1851.43	-3.05298
1852.92	10.4961
1854.42	34.3669
1855.92	11.1292
1857.41	-25.1318
1858.91	-23.6287
1860.4	-14.6707
1861.9	-24.4487
1863.39	-3.50684
1864.89	-11.8401
1866.38	-9.69922
1867.88	-11.6978
1869.37	35.3918
1870.86	-28.3882
1872.36	27.6243
1873.85	-11.2891
1875.34	-6.14673
1876.83	6.64844
1878.33	-19.8867
1879.82	18.9939
1881.31	27.4199
1882.8	25.4275
1884.29	0.751953
1885.78	5.54175
1887.27	-4.28271
1888.76	-14.3274
1890.25	-1.82104
1891.74	0.39209
1893.23	2.37891
1894.72	6.771
1896.21	-6.07031
1897.7	16.374
1899.18	22.4094
1900.67	9.96973
1902.16	-17.7666
1903.65	-32.4041
1905.13	-20.4827
1906.62	-23.4277
1908.11	-42.1865
1909.59	-31.8545
1911.08	-5.07959
1912.56	-16.7244
1914.05	-1.5896
1915.53	-20.8047
1917.02	-16.1472
1918.5	13.6401
1919.99	1.11694
1921.47	32.7751
1922.96	29.5896
1924.44	18.3955
1925.92	30.3369
1927.41	42.7744
1928.89	63.9363
1930.37	12.3152
1931.85	39.886
1933.33	32.2717
1934.82	49.5654
1936.3	23.136
1937.78	17.9602
1939.26	55.8101
1940.74	28.332
1942.22	21.1125
1943.7	33.606
1945.18	22.395
1946.66	18.3589
1948.14	31.8274
1949.62	3.80688
1951.09	18.1946
1952.57	-2.8252
1954.05	45.7954
1955.53	3.61035
1957.01	15.6929
1958.48	52.51
1959.96	53.073
1961.44	29.3713
1962.91	49.0659
1964.39	25.6553
1965.86	60.7871
1967.34	28.9585
1968.81	63.626
1970.29	64.6875
1971.76	37.8811
1973.24	18.0183
1974.71	19.3738
1976.19	2.72461
1977.66	18.501
1979.13	23.5481
1980.61	4.27002
1982.08	15.8274
1983.55	25.7319
1985.02	36.4866
1986.5	43.9712
1987.97	42.1201
1989.44	14.7759
1990.91	26.9761
1992.38	28.4243
1993.85	13.1074
1995.32	48.2463
1996.79	21.156
1998.26	49.8323
1999.73	38.7578
2001.2	62.0359
2002.67	32.9526
2004.14	20.488
2005.61	40.3491
2007.07	18.5383
2008.54	49.0869
2010.01	49.7673
2011.48	42.9214
2012.94	46.7532
2014.41	38.6433
2015.88	1.58667
2017.34	4.24219
2018.81	34.6624
2020.27	30.7002
2021.74	24.2961
2023.21	10.449
2024.67	0.132568
2026.13	-10.6936
2027.6	12.834
2029.06	36.075
2030.53	18.2068
2031.99	33.4844
2033.45	39.6223
2034.91	31.6174
2036.38	22.217
2037.84	40.2461
2039.3	28.353
2040.77	49.1301
2042.23	43.376
2043.69	30.7837
2045.15	46.7019
2046.61	38.9541
2048.07	19.9978
2049.53	56.532
2050.99	55.8372
2052.45	32.3696
2053.91	6.49585
2055.37	12.3298
2056.83	15.5559
2058.29	57.9883
2059.74	12.6814
2061.2	21.9644
2062.66	30.3833
2064.12	24.718
2065.57	4.97534
2067.03	4.75415
2068.49	9.92603
2069.95	14.5269
2071.4	14.7144
2072.86	19.4021
2074.31	62.2212
2075.77	60.0469
2077.22	37.062
2078.68	77.2007
2080.13	53.8481
2081.59	52.6631
2083.04	74.7217
2084.49	71.5969
2085.95	49.0862
2087.4	55.4167
2088.85	74.6479
2090.31	38.2698
2091.76	16.6282
2093.21	46.7505
2094.66	52.4399
2096.11	40.4861
2097.57	44.1724
2099.02	32.2622
2100.47	16.7493
2101.92	43.0842
2103.37	53.2568
2104.82	28.6465
2106.27	36.7546
2107.72	16.5044
2109.17	22.2666
2110.62	30.5723
2112.07	27.4949
2113.51	41.3943
2114.96	62.6294
2116.41	63.8877
2117.86	38.1401
2119.31	49.6201
2120.75	42.5405
2122.2	57.8643
2123.65	39.1887
2125.09	36.0857
2126.54	62.2322
2127.98	42.4514
2129.43	44.4604
2130.88	67.1682
2132.32	56.9043
2133.76	52.6528
2135.21	56.364
2136.65	70.1147
2138.1	78.8938
2139.54	63.5361
2140.98	57.2463
2142.43	35.9409
2143.87	45.2219
2145.31	37.1694
2146.75	44.906
2148.2	64.3562
2149.64	74.4871
2151.08	69.3672
2152.52	81.7395
2153.96	84.9978
2155.4	70.7327
2156.84	103.638
2158.28	92.9814
2159.72	81.093
2161.16	66.6392
2162.6	58.5789
2164.04	98.9944
2165.48	93.8643
2166.92	100.438
2168.36	84.0508
2169.8	102.797
2171.23	92.761
2172.67	92.2957
2174.11	84.4482
2175.55	67.6692
2176.98	83.3455
2178.42	76.5537
2179.86	98.5271
2181.29	110.771
2182.73	101.633
2184.16	100
2185.6	68.061
2187.03	89.5522
2188.47	95.8633
2189.9	86.8057
2191.34	87.6396
2192.77	89.0461
2194.2	103.365
2195.64	112.835
2197.07	114.986
2198.5	108.138
2199.94	116.789
2201.37	121.773
2202.8	104.074
2204.23	86.7363
2205.66	86.6111
2207.09	107.62
2208.53	110.331
2209.96	115.686
2211.39	107.123
2212.82	93.7622
2214.25	78.2388
2215.68	84.4507
2217.11	89.46
2218.53	94.9363
2219.96	103.2
2221.39	98.4172
2222.82	71.7517
2224.25	49.938
2225.68	65.5942
2227.1	85.5818
2228.53	91.8687
2229.96	93.4463
2231.39	88.7483
2232.81	101.918
2234.24	109.828
2235.66	100.663
2237.09	100.714
2238.52	79.2866
2239.94	74.8647
2241.37	65.7275
2242.79	71.3804
2244.21	71.219
2245.64	67.0935
2247.06	73.5588
2248.49	84.0273
2249.91	95.6958
2251.33	77.4211
2252.76	86.9438
2254.18	92.2263
2255.6	73.3545
2257.02	47.9199
2258.45	38.6677
2259.87	51.6736
2261.29	58.7739
2262.71	44.9404
2264.13	50.8704
2265.55	68.5447
2266.97	50.8589
2267.86	39.1145
2269.28	40.7061
2270.7	54.5139
2272.13	50.5999
2273.55	35.1746
2274.97	2.6687
2276.39	28.605
2277.81	73.0642
2279.23	86.811
2280.65	72.9673
2282.07	34.0354
2283.49	26.448
2284.91	30.2317
2286.33	47.3606
2287.75	41.3323
2289.17	49.0862
2290.59	69.4031
2292.01	58.9089
2293.43	49.823
2294.84	37.1128
2296.26	58.6028
2297.68	66.0337
2299.1	41.8267
2300.51	50.2783
2301.93	31.4336
2303.35	63.6833
2304.76	68.7466
2306.18	56.1946
2307.59	25.6387
2309.01	70.3728
2310.42	44.1042
2311.84	57.3911
2313.25	29.1929
2314.67	57.3369
2316.08	79.7495
2317.5	13.9543
2318.91	39.7791
2320.32	81.5017
2321.74	16.4043
2323.15	25.2764
2324.56	38.8606
2325.97	47.6614
2327.39	32.1772
2328.8	53.3113
2330.21	69.783
2331.62	60.2935
2333.03	60.1328
2334.44	49.4375
2335.85	28.5168
2337.26	27.8687
2338.67	19.4758
2340.08	22.811
2341.49	1.91772
2342.9	-7.55176
2344.31	25.0295
2345.72	21.208
2347.13	24.8464
2348.53	19.041
2349.94	27.2788
2351.35	32.3162
2352.76	15.9375
2354.16	40.4312
2355.57	60.7061
2356.98	54.6252
2358.39	15.0923
2359.79	31.344
2361.2	-1.50391
2362.6	30.3872
2364.01	58.5
2365.41	6.97656
2366.82	9.25391
2368.22	25.374
2369.63	16.6189
2371.03	11.7185
2372.43	22.6423
2373.84	27.3616
2375.24	24.2534
2376.65	66.428
2378.05	5.54541
2379.45	8.97827
2380.85	28.1873
2382.25	1.93066
2383.66	-4.98804
2385.06	-23.4702
2386.46	7.79492
2387.86	7.30859
2389.26	17.4514
2390.66	45.6953
2392.06	5.94141
2393.46	-5.84521
2394.86	-18.8604
2396.26	27.6821
2397.66	4.84717
2399.06	26.2813
2400.46	5.44727
2401.86	34.739
2403.26	45.9836
2404.65	19.5713
2406.05	30.1628
2407.45	22.7756
2408.85	13.9946
2410.24	32.9971
2411.64	11.3582
2413.04	15.5698
2414.43	10.4832
2415.83	43.1399
2417.23	49.5044
2418.62	38.5398
2420.02	53.9619
2421.41	-11.6013
2422.81	46.5989
2424.2	31.7144
2425.59	69.1743
2426.99	71.8127
2428.38	67.666
2429.78	79.0989
2431.17	106.718
2432.56	61.9912
2433.95	66.7578
2435.35	78.2974
2436.74	67.8101
2438.13	93.7429
2439.52	64.0393
2440.91	86.043
2442.31	68.6279
2443.7	49.5615
2445.09	76.6167
2446.48	79.7905
2447.87	95.3926
2449.26	120.095
2450.65	108.191
2452.04	102.474
2453.43	80.9106
2454.82	80.6826
2456.2	77.0757
2457.59	45.5427
2458.98	63.8384
2460.37	62.9556
2461.76	62.877
2463.14	48.4958
2464.53	54.8076
2465.92	54.748
2467.31	60.9734
2468.69	64.0703
2470.08	51.0342
2471.46	73.3088
2472.85	86.5139
2474.23	95.2786
2475.62	63.218
2477	84.3933
2478.39	80.1313
2479.77	93.4849
2481.16	47.9761
2482.54	82.0212
2483.93	80.6223
2485.31	82.2717
2486.69	81.6311
2488.08	50.7383
2489.46	30.8833
2490.84	28.4102
2492.22	38.4719
2493.6	43.575
2494.99	34.5486
2496.37	40.4028
2497.75	39.6387
2499.13	19.4172
2500.51	53.7937
2501.89	79.4731
2503.27	74.6177
2504.65	70.0151
2506.03	50.0769
2507.41	44.4885
2508.79	34.3875
2510.17	25.8413
2511.55	32.2915
2512.93	27.7813
2514.3	7.61353
2515.68	43.436
2517.06	61.7852
2518.44	46.6267
2519.82	20.1409
2521.19	34.3132
2522.57	48.3252
2523.95	42.1499
2525.32	39.8008
2526.7	23.0913
2528.07	53.1121
2529.45	38.437
2530.82	18.7358
2532.2	53.6267
2533.57	30.8264
2534.95	42.2844
2536.32	72.1455
2537.7	62.4978
2539.07	57.1953
2540.44	39.063
2541.82	55.3367
2543.19	42.7361
2544.56	40.7686
2545.94	31.3066
2547.31	38.3313
2548.68	12.897
2550.05	17.0159
2551.42	9.37622
2552.8	-1.25635
2554.17	3.05493
2555.54	20.1575
2556.91	0.168701
2558.28	19.3967
2559.65	4.43921
2561.02	13.7822
2562.39	17.1377
2563.76	0.798096
2565.13	14.199
2566.5	11.7776
2567.86	17.4773
2569.23	36.801
2570.6	40.0981
2571.97	18.3188
2573.34	21.0713
2574.7	29.0125
2576.07	34.6145
2577.44	31.7168
2578.8	22.741
2580.17	10.9653
2581.54	6.104
2582.9	-0.057373
2584.27	-10.6987
2585.63	32.2988
2587	55.9138
2588.36	43.8896
2589.73	36.5933
2591.09	27.8899
2592.46	-1.58545
2593.82	39.6636
2595.19	17.7129
2596.55	14.8699
2597.91	11.1973
2599.27	29.896
2600.64	0.784424
2602	17.0303
2603.36	-1.052
2604.72	-3.3208
2606.09	41.345
2607.45	20.7278
2608.81	32.7375
2610.17	8.78687
2611.53	20.0645
2612.89	-3.44995
2614.25	10.3489
2615.61	37.7415
2616.97	43.0615
2618.33	43.0557
2619.69	67.6333
2621.05	74.4824
2622.41	62.72
2623.77	57.041
2625.13	39.4001
2626.48	59.8459
2627.84	51.6753
2629.2	48.1707
2630.56	35.9263
2631.91	35.8357
2633.27	37.6372
2634.63	43.4087
2635.98	41.9604
2637.34	22.8823
2638.7	32.4282
2640.05	43.3335
2641.41	27.7349
2642.76	27.1133
2644.12	17.1265
2645.47	25.3601
2646.83	26.7063
2648.18	38.5981
2649.54	39.0625
2650.89	30.1304
2652.24	19.7439
2653.6	4.14844
2654.95	21.5159
2656.3	24.5847
2657.65	9.65137
2659.01	17.0227
2660.36	14.593
2661.71	22.8147
2663.06	7.0791
2664.41	-6.35669
2665.77	16.8906
2667.12	-0.293701
2668.47	-14.989
2669.82	-24.0718
2671.17	-15.3191
2672.52	-7.49243
2673.87	-6.46875
2675.22	-0.818359
2676.56	2.30615
2677.91	-8.23145
2679.26	-8.61499
2680.61	-1.57202
2681.96	-10.1721
2683.31	-26.5479
2684.66	-4.80786
2686	6.16968
2687.35	2.79517
2688.7	1.69043
2690.04	11.2341
2691.39	21.614
2692.74	10.0315
2694.08	-10.4177
2695.43	-13.0742
2696.77	-22.6204
2698.12	-22.9846
2699.46	-11.9504
2700.81	-7.62842
2702.16	-4.28491
2703.5	8.50073
2704.84	11.7937
2706.19	-5.63477
2707.53	-11.1919
2708.87	-16.7349
2710.22	-13.6448
2711.56	6.11182
2712.9	5.94995
2714.25	0.906738
2715.59	6.85596
2716.93	-3.74072
2718.27	-4.42896
2719.61	3.54614
2720.95	11.4431
2722.3	20.3564
2723.64	4.50684
2724.98	-0.72168
2726.32	-14.8494
2727.66	-22.6685
2729	1.92627
2730.34	17.7212
2731.68	11.127
2733.02	3.07202
2734.35	12.5947
2735.69	12.1758
2736.38	14.7295
2737.72	26.3425
2739.06	-13.9858
2740.4	14.6204
2741.74	-2.83496
2743.08	-5.15942
2744.42	5.52808
2745.76	8.35962
2747.1	53.6775
2748.44	38.8037
2749.78	27.0391
2751.12	13.3433
2752.45	31.5378
2753.79	25.3499
2755.13	28.6475
2756.47	14.0886
2757.81	-35.5627
2759.14	-19.2029
2760.48	34.356
2761.82	-0.504639
2763.15	17.7678
2764.49	7.3501
2765.83	20.3354
2767.16	18.9231
2768.5	45.2341
2769.83	28.5896
2771.17	39.9277
2772.5	37.6863
2773.84	28.9304
2775.17	28.7678
2776.51	30.6685
2777.84	16.2463
2779.17	56.7981
2780.51	44.8247
2781.84	27.467
2783.17	51.4534
2784.5	67.4431
2785.84	52.0083
2787.17	41.1484
2788.5	72.0593
2789.83	27.8816
2791.16	19.9709
2792.5	52.2605
2793.83	32.4666
2795.16	55.0376
2796.49	52.6594
2797.82	30.3372
2799.15	44.4976
2800.48	77.8494
2801.81	28.2349
2803.14	46.157
2804.47	63.7917
2805.79	17.0671
2807.12	33.8787
2808.45	65.512
2809.78	46.4219
2811.11	40.4668
2812.44	47.1106
2813.76	49.9575
2815.09	64.165
2816.42	41.9104
2817.74	65.9326
2819.07	60.8721
2820.4	35.4009
2821.72	28.4392
2823.05	37.4543
2824.38	48.1887
2825.7	49.8569
2827.03	51.387
2828.35	55.6521
2829.67	32.4072
2831	20.9805
2832.32	43.7651
2833.65	19.2969
2834.97	37.2817
2836.3	29.678
2837.62	12.781
2838.94	40.4351
2840.26	17.5986
2841.59	25.2412
2842.91	41.4966
2844.23	38.6895
2845.55	48.8582
2846.88	21.2131
2848.2	38.438
2849.52	43.425
2850.84	30.8977
2852.16	31.6184
2853.48	24.7153
2854.8	18.2144
2856.12	13.1277
2857.44	16.0137
2858.76	28.8538
2860.08	21.9666
2861.4	6.58887
2862.72	20.6174
2864.03	19.8994
2865.35	3.39307
2866.67	24.3318
2867.99	21.8987
2869.31	13.9011
2870.63	31.5818
2871.94	43.4712
2873.26	31.2109
2874.58	36.6187
2875.89	44.5134
2877.21	33.4197
2878.52	50.2607
2879.84	42.0115
2881.16	26.9895
2882.47	14.9036
2883.79	35.8875
2885.1	18.7576
2886.42	24.4712
2887.73	40.0825
2889.05	47.9617
2890.36	47.7307
2891.67	61.0732
2892.99	55.6509
2894.3	48.9868
2895.61	53.7898
2896.93	63.0703
2898.24	51.0044
2899.55	50.2021
2900.86	56.3008
2902.18	66.2488
2903.49	56.6711
2904.8	41.0505
2906.11	57.1123
2907.42	57.5195
2908.73	46.6074
2910.04	60.364
2911.35	54.5476
2912.66	55.9404
2913.97	76.0369
2915.28	64.8513
2916.59	65.3188
2917.9	69.3594
2919.21	60.4871
2920.52	83.0195
2921.83	74.1577
2923.13	80.5417
2924.44	85.2483
2925.75	102.296
2927.06	76.7261
2928.37	78.0393
2929.67	79.4895
2930.98	98.793
2932.29	95.6021
2933.59	81.626
2934.9	80.7312
2936.2	107.806
2937.51	98.616
2938.82	87.9287
2940.12	89.4243
2941.43	97.8201
2942.73	99.2476
2944.04	89.3379
2945.34	82.156
2946.64	104.398
2947.95	102.655
2949.25	91.1321
2950.55	81.4292
2951.86	87.886
2953.16	93.322
2954.46	60.2004
2955.77	67.4944
2957.07	68.4861
2958.37	77.7717
2959.67	66.9856
2960.97	70.094
2962.28	65.2837
2963.58	41.2861
2964.88	39.187
2966.18	53.8547
2967.48	56.5049
2968.78	59.2979
2970.08	55.5261
2971.38	71.8853
2972.68	74.1707
2973.98	69.3093
2975.28	58.6797
2976.58	59.6257
2977.87	56.6138
2979.17	65.6411
2980.47	75.9932
2981.77	72.2778
2983.07	62.3328
2984.36	62.4807
2985.66	69.5725
2986.96	48.3809
2988.26	50.6331
2989.55	61.8345
2990.85	54.7932
2992.15	65.5791
2993.44	51.9941
2994.74	51.1208
2996.03	63.6824
2997.33	60.676
2998.62	71.6191
2999.92	78.7717
3001.21	82.1045
3002.51	81.9624
3003.8	73.4563
3005.1	39.6382
3006.39	43.3606
3007.68	60.7202
3008.98	48.2769
3010.27	56.9351
3011.56	61.4019
3012.85	59.8896
3014.15	58.9158
3015.44	56.1267
3016.73	57.2568
3018.02	70.0283
3019.31	81.6997
3020.6	83.948
3021.89	90.1958
3023.18	80.2314
3024.48	68.3081
3025.77	89.8132
3027.06	74.3735
3028.35	69.9114
3029.64	76.9846
3030.92	79.5454
3032.21	70.554
3033.5	68.5266
3034.79	58.9636
3036.08	64.375
3037.37	65.1985
3038.66	70.8188
3039.94	68.0693
3041.23	68.6013
3042.52	65.0481
3043.81	57.0967
3045.09	78.1592
3046.38	51.5127
3047.67	41.8369
3048.95	78.5447
3050.24	76.6987
3051.53	53.5798
3052.81	42.8975
3054.1	36.2944
3055.38	26.0332
3056.67	39.0012
3057.95	39.9346
3059.24	35.3533
3060.52	44.384
3061.8	63.2756
3063.09	54.6526
3064.37	41.0847
3065.65	43.3247
3066.94	39.759
3068.22	39.2778
3069.5	38.7542
3070.79	47.3394
3072.07	47.0063
3073.35	53.3027
3074.63	47.6018
3075.91	44.2737
3077.19	49.385
3078.48	44.1716
3079.76	28.9929
3081.04	25.0391
3082.32	15.4932
3083.6	14.9399
3084.88	22.5828
3086.16	31.8616
3087.44	43.2249
3088.72	33.9277
3090	29.4612
3091.27	36.5571
3092.55	28.4219
3093.83	26.4731
3095.11	28.2998
3096.39	36.5747
3097.67	44.4351
3098.94	42.1772
3100.22	45.2666
3101.5	29.7607
3102.77	21.0571
3104.05	24.7463
3105.33	20.8472
3106.6	16.1177
3107.88	25.8276
3109.16	35.5776
3110.43	17.5513
3111.71	24.4956
3112.98	34.1995
3114.26	8.57788
3115.53	14.7869
3116.81	13.1733
3118.08	29.9619
3119.35	48.0872
3120.63	52.0688
3121.9	51.8684
3123.18	56.2444
3124.45	23.7407
3125.72	28.9111
3126.99	33.686
3128.26	33.3254
3129.54	53.0149
3130.81	62.5173
3132.08	63.7295
3133.35	53.2583
3134.63	50.9807
3135.9	52.0581
3137.17	52.4863
3138.44	53.2593
3139.71	46.7297
3140.98	29.2305
3142.25	47.1934
3143.52	50.4141
3144.79	51.2864
3146.06	64.313
3147.33	49.5776
3148.59	42.6479
3149.86	30.5454
3151.13	15.3774
3152.4	32.4111
3153.67	18.5769
3154.94	34.511
3156.2	44.7715
3157.47	28.5549
3158.74	30.6201
3160.01	20.6462
3161.27	21.6921
3162.54	22.259
3163.8	10.3926
3165.07	30.8557
3166.34	29.4236
3167.6	9.68579
3168.87	15.1218
3170.13	30.8535
3171.4	19.7368
3172.66	2.64551
3173.93	21.6204
3175.19	43.5278
3176.46	45.4287
3177.72	18.4543
3178.98	9.61938
3179.83	11.8367
3181.09	-0.794678
3182.36	15.948
3183.62	-3.00098
3184.89	6.51099
3186.15	14.9216
3187.42	15.7002
3188.68	13.2847
3189.95	27.5542
3191.21	37.5393
3192.47	28.1079
3193.74	22.1426
3195	37.5916
3196.26	44.291
3197.53	-11.7673
3198.79	7.5647
3200.05	27.938
3201.32	3.82935
3202.58	-4.02222
3203.84	6.2522
3205.1	4.74829
3206.36	-16.7458
3207.62	-9.34937
3208.89	15.3303
3210.15	4.3877
3211.41	-2.97876
3212.67	-4.68115
3213.93	3.00562
3215.19	-1.76196
3216.45	7.09863
3217.71	20.2334
3218.97	-4.84009
3220.23	12.6465
3221.48	-18.0719
3222.74	-7.38879
3224	12.2004
3225.26	10.1305
3226.52	-0.828369
3227.77	7.052
3229.03	-0.218262
3230.29	-0.228882
3231.55	12.3536
3232.8	9.88159
3234.06	25.1566
3235.32	12.2428
3236.57	10.4324
3237.83	3.57886
3239.09	15.5929
3240.34	-6.48474
3241.6	-18.516
3242.85	-6.33301
3244.11	-4.85925
3245.36	-10.5673
3246.62	-1.78381
3247.87	-2.89966
3249.12	-13.4637
3250.38	11.5243
3251.63	-15.6293
3252.89	5.39148
3254.14	-6.5791
3255.39	6.0675
3256.64	4.85278
3257.9	13.4948
3259.15	18.4458
3260.4	5.76123
3261.65	22.6525
3262.91	21.689
3264.16	0.67981
3265.41	13.8315
3266.66	1.50244
3267.91	14.3308
3269.16	33.7228
3270.41	18.5992
3271.66	-2.13965
3272.91	10.7632
3274.16	15.1052
3275.41	18.2914
3276.66	18.1139
3277.91	21.7058
3279.16	21.8994
3280.41	7.5531
3281.66	15.1953
3282.9	15.459
3284.15	23.3113
3285.4	6.12988
3286.65	-6.31592
3287.89	-4.62854
3289.14	-8.44727
3290.39	14.2623
3291.64	19.3759
3292.88	16.4762
3294.13	4.12671
3295.38	10.8917
3296.62	30.0232
3297.87	36.7314
3299.11	29.214
3300.36	23.3251
3301.6	13.5903
3302.85	44.9463
3304.09	25.224
3305.34	27.2922
3306.58	28.4131
3307.83	22.2976
3309.07	24.3568
3310.31	28.4557
3311.56	36.2416
3312.8	24.9347
3314.04	24.8413
3315.29	6.49451
3316.53	34.1628
3317.77	39.6376
3319.01	31.6455
3320.25	41.7271
3321.49	46.9884
3322.74	28.2012
3323.98	32.1825
3325.22	31.6368
3326.46	17.285
3327.7	44.788
3328.94	30.7117
3330.18	23.4458
3331.42	21.6877
3332.66	41.0428
3333.9	23.5618
3335.14	24.3977
3336.38	44.8994
3337.62	36.5339
3338.86	29.4885
3340.1	26.3905
3341.33	24.8467
3342.57	-10.6013
3343.81	5.03345
3345.05	22.3229
3346.28	41.5093
3347.52	33.8545
3348.76	49.1827
3350	24.0367
3351.23	27.5463
3352.47	46.2594
3353.71	47.1594
3354.94	47.5421
3356.18	26.1996
3357.41	28.2573
3358.65	27.5656
3359.88	49.8473
3361.12	29.5679
3362.35	21.3245
3363.59	33.6892
3364.82	23.906
3366.05	23.4218
3367.29	27.9271
3368.52	26.6044
3369.76	24.6212
3370.99	21.0438
3372.22	22.5187
3373.46	20.8514
3374.69	7.71863
3375.92	7.84155
3377.15	17.8837
3378.38	15.4513
3379.62	25.7181
3380.85	23.6882
3382.08	22.7758
3383.31	22.0562
3384.54	26.8306
3385.77	31.2659
3387	32.7838
3388.23	31.1848
3389.46	24.245
3390.69	32.4674
3391.92	36.7595
3393.15	30.1417
3394.38	33.517
3395.61	32.4939
3396.84	34.3105
3398.07	46.7202
3399.3	53.1932
3400.52	55.217
3401.75	55.162
3402.98	47.4233
3404.21	55.6265
3405.44	65.4178
3406.66	45.7797
3407.89	60.2496
3409.12	51.0349
3410.34	50.6582
3411.57	59.231
3412.79	60.7654
3414.02	64.0425
3415.25	66.8689
3416.47	70.8871
3417.7	64.2163
3418.92	62.1245
3420.15	77.3032
3421.37	88.2052
3422.6	68.496
3423.82	80.3013
3425.04	86.5107
3426.27	89.0787
3427.49	98.6436
3428.72	88.4305
3429.94	98.702
3431.16	97.4956
3432.38	87.6979
3433.61	92.4269
3434.83	101.294
3436.05	95.4899
3437.27	97.3989
3438.5	94.925
3439.72	102.71
3440.94	96.6661
3442.16	109.445
3443.38	112.931
3444.6	115.211
3445.82	139.272
3447.04	136.638
3448.26	123.147
3449.48	124.576
3450.7	137.373
3451.92	134.066
3453.14	126.208
3454.36	132.022
3455.58	133.338
3456.8	138.31
3458.01	143.643
3459.23	130.243
3460.45	125.391
3461.67	146.519
3462.89	137.711
3464.1	136.373
3465.32	135.434
3466.54	142.601
3467.75	142.826
3468.97	156.948
3470.19	144.722
3471.4	143.215
3472.62	142.102
3473.83	142.519
3475.05	150.987
3476.27	161.653
3477.48	169.387
3478.7	158.7
3479.91	154.053
3481.13	153.433
3482.34	164.254
3483.55	176.997
3484.77	150.521
3485.98	155.548
3487.19	163.265
3488.41	178.006
3489.62	178.733
3490.83	173.029
3492.05	161.696
3493.26	182.798
3494.47	179.452
3495.68	173.146
3496.89	171.97
3498.11	173.83
3499.32	163.374
3500.53	141.479
3501.74	172.852
3502.95	166.981
3504.16	148.855
3505.37	158.286
3506.58	140.005
3507.79	158.274
3509	157.62
3510.21	146.211
3511.42	144.64
3512.63	163.607
3513.84	155.462
3515.05	152.348
3516.26	141.076
3517.46	145.388
3518.67	146.827
3519.88	151.998
3521.09	152.293
3522.3	144.42
3523.5	149.893
3524.71	142.009
3525.92	141.169
3527.12	132.59
3528.33	124.765
3529.54	113.075
3530.74	123.554
3531.95	105.713
3533.15	114.258
3534.36	123.845
3535.57	113.359
3536.77	119.128
3537.97	123.916
3539.18	126.605
3540.38	108.709
3541.59	103.385
3542.79	112.894
3544	115.085
3545.2	115.347
3546.4	131.979
3547.61	107.579
3548.81	90.121
3550.01	113.095
3551.21	97.3092
3552.42	107.976
3553.62	95.4648
3554.82	111.476
3556.02	102.307
3557.22	91.8999
3558.43	97.9792
3559.63	81.2598
3560.83	87.2443
3562.03	85.7755
3563.23	81.062
3564.43	75.6259
3565.63	91.0302
3566.83	90.3186
3568.03	86.0789
3569.23	76.4166
3570.43	83.1414
3571.63	89.4974
3572.83	92.5122
3574.02	87.9885
3575.22	76.7109
3576.42	79.9052
3577.62	101.189
3578.82	84.1625
3580.02	77.6628
3581.21	72.7621
3582.41	64.46
3583.61	55.8451
3584.8	64.0842
3586	66.0575
3587.2	53.3905
3588.4	68.2388
3589.59	69.7982
3590.79	42.1251
3591.98	42.853
3593.18	39.5111
3594.37	49.7412
3595.57	34.7972
3596.76	60.3048
3597.81	47.1019
3599.01	51.9216
3600.21	33.7406
3601.4	57.3439
3602.6	37.3112
3603.8	64.1627
3604.99	49.931
3606.19	64.2511
3607.38	50.791
3608.58	62.551
3609.77	44.4208
3610.97	60.8801
3612.16	48.042
3613.36	52.399
3614.55	46.6389
3615.75	62.3876
3616.94	49.8518
3618.13	46.1046
3619.33	33.2703
3620.52	35.733
3621.71	25.9028
3622.91	33.7797
3624.1	19.8578
3625.29	48.2167
3626.48	51.1892
3627.68	41.7275
3628.87	36.0079
3630.06	38.6779
3631.25	42.6597
3632.44	26.8525
3633.63	17.6091
3634.82	17.2496
3636.02	28.7472
3637.21	23.0073
3638.4	36.1339
3639.59	29.6343
3640.78	17.1549
3641.97	10.6035
3643.16	10.8247
3644.34	-1.83105
3645.53	10.5809
3646.72	-3.92651
3647.91	7.13232
3649.1	-15.1442
3650.29	-2.83447
3651.48	-14.9512
3652.67	0.532471
3653.85	-1.7937
3655.04	4.09338
3656.23	1.90051
3657.42	-13.8479
3658.6	2.79797
3659.79	-17.1963
3660.97	-9.82703
3662.16	-31.4646
3663.35	-1.91394
3664.53	-5.45166
3665.72	1.38306
3666.9	2.55542
3668.09	-5.07556
3669.28	-3.72583
3670.46	-10.533
3671.65	9.1178
3672.83	-0.332886
3674.01	7.67114
3675.2	-0.258179
3676.38	-3.69824
3677.57	-16.5879
3678.75	9.77124
3679.93	-15.3153
3681.12	-20.8894
3682.3	-20.4436
3683.48	-15.0944
3684.67	-6.78247
3685.85	-27.7334
3687.03	-1.97522
3688.21	11.8466
3689.39	9.31799
3690.58	25.3588
3691.76	-10.3177
3692.94	-0.368164
3694.12	-12.6588
3695.3	-10.7151
3696.48	1.1864
3697.66	3.59985
3698.84	-0.0853271
3699.19	-0.91272
