61.6482	65.4414
63.4877	9.79944
65.3269	-33.3936
67.1635	-26.4965
69.002	-24.3712
70.8401	-11.9692
72.6756	-10.9398
74.513	-18.1965
76.35	16.2424
78.1866	39.9287
80.0208	48.6517
81.8567	103.234
83.6923	167.496
85.5253	204.408
87.3602	247.674
89.1925	332.965
91.0267	453.477
92.8604	600.662
94.6917	834.691
96.5247	1122.51
98.3574	1460.62
100.188	1786.57
102.02	1975.35
103.849	1994.06
105.68	1793.33
107.509	1542.44
109.34	1253.11
111.168	964.054
112.997	738.255
114.827	539.016
116.654	403.841
118.483	269.016
120.309	187.119
122.137	132.694
123.962	62.6727
125.79	63.5439
127.615	26.6791
129.439	30.8817
131.265	5.5791
133.089	41.5376
134.915	39.7241
136.738	55.7858
138.562	56.8434
140.385	72.5022
142.207	65.3036
144.03	90.6239
145.852	59.4338
147.675	68.5593
149.495	45.6923
151.316	39.3761
153.137	28.9071
154.957	19.1733
156.776	15.9183
158.597	13.7046
160.415	23.7266
162.233	6.60999
164.053	25.4438
165.871	7.64954
167.688	17.1573
169.506	14.8787
171.323	4.02478
173.139	2.65906
174.954	5.80017
176.772	-12.4609
178.586	-20.8423
180.401	-8.74231
182.215	-17.4407
184.031	-5.32898
185.844	-0.799194
187.658	-13.8015
189.47	3.63159
191.283	21.9542
193.097	-3.11694
194.909	15.9507
196.72	7.48022
198.531	-4.5791
200.342	5.77124
202.152	9.24268
203.962	-11.6399
205.773	-5.56616
207.583	-0.796509
209.392	-8.23865
211.2	-0.860596
213.008	-12.3976
214.816	12.9656
216.624	13.5076
218.431	-2.23401
220.237	18.9507
222.044	11.0992
223.85	14.729
225.656	-1.52515
227.461	15.2585
229.268	-10.2833
231.073	4.94543
232.877	3.79004
234.681	3.4884
236.485	16.1313
238.286	-13.6907
240.089	-8.19409
241.891	-28.6555
243.693	-11.7792
245.495	14.8168
247.297	-2.22546
249.098	10.7131
250.899	8.52332
252.699	6.47864
254.499	7.97693
256.299	10.1162
258.098	33.7109
259.897	25.5675
261.694	26.3467
263.492	18.8452
265.29	52.2571
267.088	39.1007
268.885	49.0243
270.682	60.4509
272.479	57.6082
274.273	49.124
276.069	61.4777
277.865	73.6869
279.66	63.432
281.455	60.7417
283.247	71.1124
285.041	71.9117
286.835	63.0936
288.629	77.2891
290.42	68.5825
292.212	80.3333
294.005	64.3578
295.797	48.5945
297.587	63.251
299.378	40.0736
301.169	40.9275
302.958	35.7577
304.748	20.1288
306.538	43.4985
308.326	32.6532
310.115	32.3105
311.904	18.7572
313.69	33.8879
315.479	49.6536
317.267	52.8156
319.052	52.2491
320.839	36.6206
322.624	42.9811
324.411	31.6141
326.197	29.7883
327.981	54.1021
329.766	43.1887
331.549	38.875
333.334	32.2035
335.116	61.4163
336.901	67.5498
338.682	54.4521
340.466	75.0704
342.247	84.3402
344.03	72.9546
345.81	52.0225
347.592	57.4775
349.372	72.4487
351.153	72.4658
352.932	83.2494
354.713	68.2463
356.491	82.8933
358.271	84.3966
360.048	81.8777
361.826	101.346
363.605	88.6862
365.381	80.1281
367.16	75.3364
368.935	87.3713
370.711	80.6025
372.488	87.6719
374.263	78.6161
376.038	68.2155
377.814	70.9056
379.588	65.7411
381.361	75.7001
383.136	76.7206
384.909	67.4456
386.682	67.1766
388.456	83.4382
390.228	77.0173
391.999	69.9806
393.77	70.0771
395.543	56.0262
397.313	48.2341
399.083	49.7592
400.853	54.6011
402.625	28.3667
404.394	23.6228
406.162	19.3269
407.931	19.8884
409.701	24.5712
411.468	36.9825
413.236	50.1094
415.003	49.2955
416.769	45.929
418.536	40.2673
420.302	41.6117
422.069	33.699
423.835	37.876
425.6	52.9703
427.364	24.8894
429.129	38.8987
430.893	39.4659
432.656	46.5433
434.419	51.9415
436.182	30.9067
437.945	21.1266
439.707	21.5414
441.471	23.3018
443.233	43.7766
444.994	48.1116
446.755	33.7285
448.515	38.6398
450.276	29.9393
452.036	25.6421
453.795	26.6929
455.554	8.87549
457.311	14.5187
459.07	-4.18921
460.828	-6.62939
462.586	15.1791
464.343	-13.349
466.101	-14.0847
467.857	-6.50464
469.614	8.90112
471.37	10.1915
473.126	5.52698
474.881	41.8473
476.637	36.2863
478.389	65.995
480.144	88.5885
481.898	127.197
483.652	154.422
485.405	171.296
487.159	165.993
488.909	104.029
490.662	70.2891
492.414	49.3099
494.166	51.9803
495.917	37.3334
497.666	53.8212
499.417	26.0084
501.168	36.775
502.918	51.9844
504.665	37.5458
506.415	63.4525
508.164	47.4183
509.911	35.1135
511.659	51.818
513.407	59.0059
515.155	61.6451
516.901	55.2612
518.648	41.6604
520.395	58.4259
522.139	54.2036
523.885	65.8018
525.629	50.0885
527.374	62.1173
529.12	63.974
530.862	64.1412
532.607	52.1527
534.351	61.2968
536.093	40.7477
537.836	54.9102
539.577	50.8988
541.32	39.3813
543.06	53.105
544.803	50.6859
546.542	54.9796
548.284	48.4014
550.023	63.1249
551.764	46.6401
553.502	61.907
555.242	63.2903
556.98	40.7008
558.719	67.7627
560.457	65.6395
562.195	48.3177
563.932	56.5687
565.67	70.9432
567.406	87.4098
569.143	117.101
570.878	99.1793
572.613	94.2736
574.35	88.7466
576.084	58.1211
577.82	31.1949
579.553	46.1914
581.286	43.738
583.021	28.0007
584.754	36.9705
586.486	21.0844
588.22	40.4377
589.951	36.2318
591.682	59.9363
593.415	25.0251
595.146	41.3114
596.876	31.3357
598.606	24.5691
600.337	46.9966
602.066	37.4442
603.795	53.2704
605.524	57.9203
607.254	59.4377
608.982	63.3094
610.71	59.0026
612.437	68.762
614.164	110.945
615.892	160.969
617.618	227.11
619.344	349.155
621.07	522.739
622.795	662.634
624.52	680.384
626.247	630.156
627.971	541.894
629.695	394.916
631.419	289.888
633.142	204.46
634.865	139.725
636.588	101.208
638.31	108.117
640.032	77.3313
641.753	67.1455
643.475	95.3408
645.196	58.301
646.917	51.0385
648.637	65.8356
650.359	53.4528
652.079	57.2177
653.798	38.1918
655.515	58.699
657.234	58.0541
658.952	34.7108
660.67	48.2263
662.388	44.348
664.105	37.8105
665.822	10.4896
666.019	7.04443
667.74	16.0328
669.458	40.9697
671.178	41.9542
672.896	15.3363
674.615	1.60071
676.333	5.17151
678.051	-5.63
679.768	-17.9581
681.484	-23.1716
683.202	0.370972
684.917	-5.1886
686.634	5.74829
688.349	-15.3655
690.064	-5.75647
691.78	20.8575
693.494	12.6888
695.207	7.78601
696.922	16.2915
698.635	19.1267
700.348	9.45361
702.062	15.4194
703.774	21.5276
705.486	19.7269
707.199	13.4257
708.91	26.7429
710.62	26.4858
712.333	5.15186
714.043	22.9353
715.752	-3.05823
717.462	26.7629
719.173	32.6208
720.881	44.6941
722.59	21.454
724.298	34.5734
726.007	42.9127
727.715	29.0707
729.422	35.1376
731.129	20.8474
732.835	34.0095
734.541	35.1401
736.249	42.8622
737.954	37.1055
739.659	32.1271
741.364	45.9556
743.069	30.2722
744.773	29.1956
746.477	25.677
748.182	51.1815
749.885	48.863
751.588	58.3342
753.291	42.5487
754.993	56.8975
756.695	54.8209
758.397	38.6615
760.098	61.6289
761.799	59.7313
763.499	29.8678
765.2	36.6945
766.9	57.3848
768.599	42.3113
770.299	42.0881
771.998	46.5526
773.696	48.2347
775.395	69.3748
777.093	95.3398
778.791	98.751
780.488	100.296
782.185	83.5228
783.882	84.0237
785.578	66.0317
787.274	42.0051
788.97	24.7014
790.666	4.9884
792.359	6.57324
794.054	0.819702
795.748	0.554321
797.443	-8.85559
799.137	-15.1401
800.83	-18.921
802.523	-5.44861
804.214	-1.2251
805.907	5.7301
807.599	12.9524
809.291	4.12634
810.983	-3.53699
812.674	7.84338
814.363	10.3047
816.054	18.9694
817.745	17.1309
819.435	9.43933
821.122	-1.97583
822.812	28.6283
824.501	10.2772
826.19	13.4683
827.876	34.4519
829.565	4.08093
831.253	18.0477
832.938	28.3865
834.625	7.52917
836.312	2.42737
837.999	24.6251
839.683	-7.02429
841.369	20.4407
843.053	24.0439
844.738	16.2013
846.423	0.126831
848.106	19.6608
849.79	29.7217
851.474	19.3683
853.156	-9.61292
854.84	11.1494
856.521	33.1711
858.203	9.89099
859.886	6.80859
861.566	-4.88513
863.248	2.13989
864.928	8.05811
866.609	4.24988
868.288	19.5189
869.968	8.61353
871.647	2.68958
873.327	35.2101
875.004	0.943604
876.684	14.0439
878.361	3.43213
880.039	25.4584
881.716	1.01733
883.394	-11.941
885.07	11.7656
886.745	-3.22791
888.422	-4.70923
890.097	0.268066
891.774	7.39282
893.448	2.01416
895.122	3.25549
896.798	-8.77344
898.471	5.04895
900.146	-14.5967
901.819	6.24158
903.491	7.72205
905.165	-13.0337
906.837	4.80664
908.508	5.14795
910.181	1.99658
911.852	-2.96509
913.522	15.2482
915.195	16.7511
916.864	13.9774
918.534	4.51965
920.203	30.6204
921.874	10.0028
923.543	40.7968
925.211	17.5143
926.879	9.41492
928.549	29.2769
930.216	20.021
931.883	16.748
933.55	40.1393
935.216	38.9889
936.884	41.4717
938.55	20.47
940.216	24.9431
941.881	0.89563
943.546	21.1584
945.21	45.163
946.875	13.1141
948.54	30.733
950.204	24.5974
951.867	29.2635
953.53	25.9169
955.193	35.1636
956.856	45.196
958.518	29.3651
960.179	5.00037
961.841	22.2306
963.502	49.7275
965.163	28.3009
966.823	31.6124
968.484	36.9786
970.144	24.1239
971.803	43.13
973.463	28.9611
975.122	28.0636
976.78	17.6575
978.439	42.8992
980.097	14.1121
981.754	19.0535
983.412	30.8143
985.069	61.1244
986.726	54.2209
988.382	47.6273
990.039	56.5215
991.695	47.4445
993.35	93.3962
995.005	113.341
996.659	143.532
998.313	168.27
999.968	180.933
1001.62	172.018
1003.28	151.664
1004.93	151.582
1006.58	119.981
1008.23	99.4084
1009.89	43.0232
1011.54	53.6141
1013.19	41.4026
1014.84	17.8508
1016.49	33.6016
1018.14	25.6855
1019.79	24.2517
1021.44	38.0804
1023.09	40.1859
1024.74	20.7754
1026.39	33.1636
1028.04	50.5769
1029.69	48.3979
1031.33	62.6451
1032.98	81.8701
1034.63	114.485
1036.28	164.164
1037.92	210.368
1039.57	266.58
1041.22	302.148
1042.86	356.788
1044.51	380.117
1046.15	408.144
1047.8	337.656
1049.44	291.66
1051.09	232.299
1052.73	166.947
1054.37	104.687
1056.01	93.8295
1057.66	67.5914
1059.3	42.1024
1060.94	55.0226
1062.59	50.4487
1064.23	20.3291
1065.87	3.1178
1067.51	20.5079
1069.15	19.4078
1070.79	32.1519
1072.43	5.68433
1074.07	-10.0682
1075.71	8.45374
1077.35	1.66675
1078.98	-0.176636
1080.62	-4.87402
1082.26	8.82617
1083.9	4.21033
1085.54	6.25989
1087.18	2.56726
1088.81	3.34814
1090.45	-10.6456
1092.08	3.88159
1093.72	10.3331
1095.35	8.59351
1096.99	3.81104
1098.62	0.409424
1100.26	-8.88037
1101.89	1.24475
1103.53	2.46875
1105.16	11.1361
1106.79	11.0129
1108.43	7.01404
1110.06	25.0248
1111.69	37.1056
1113.32	38.7211
1114.96	29.144
1116.59	46.9724
1118.22	48.4187
1119.85	27.7395
1121.48	32.0399
1123.11	14.9884
1124.74	10.0018
1126.37	22.6328
1128	24.6859
1129.63	8.32495
1131.25	3.7196
1132.88	-2.07947
1134.51	1.85376
1136.14	-6.02954
1137.77	7.67456
1139.39	21.3287
1141.02	2.8302
1142.64	-4.65247
1144.27	5.5426
1145.9	10.8947
1147.52	-1.04675
1149.15	-7.88708
1150.77	-14.6167
1152.4	-6.83899
1154.02	6.54724
1155.64	3.65381
1157.27	-7.86804
1158.89	-3.32751
1160.51	5.77197
1162.14	9.18628
1163.76	2.09973
1165.38	-11.7844
1167	-10.7327
1168.62	1.53845
1170.24	8.29883
1171.86	11.5839
1173.48	8.88928
1175.1	-6.56543
1176.72	-14.5863
1178.34	5.45276
1179.96	-3.1012
1181.58	2.328
1183.2	11.2842
1184.82	13.8964
1186.43	17.3745
1188.05	14.5559
1189.67	5.07129
1191.29	-20.0201
1192.9	10.1599
1194.52	15.23
1196.13	-9.65149
1197.75	-6.5907
1199.36	-14.663
1200.98	-8.67725
1202.59	2.26709
1204.21	1.47754
1205.82	9.29138
1207.44	7.62622
1209.05	9.63879
1210.66	12.2297
1212.27	2.52002
1213.89	1.11292
1215.5	2.72681
1217.11	-9.1156
1218.72	-4.36182
1220.33	-7.12988
1221.95	5.77466
1223.56	19.6593
1225.17	17.2623
1226.78	17.2358
1228.39	19.8457
1230	18.3942
1231.6	0.124634
1233.21	18.5184
1234.82	22.427
1235.39	23.563
1237	14.8868
1238.61	0.260132
1240.22	24.3763
1241.84	13.4266
1243.45	1.34705
1245.05	-18.7097
1246.66	-8.19873
1248.27	-7.81873
1249.88	-3.04858
1251.49	0.699829
1253.1	-7.69824
1254.7	4.33093
1256.31	1.20898
1257.92	12.2749
1259.53	4.68188
1261.13	6.35327
1262.74	9.6427
1264.34	3.06116
1265.95	8.72852
1267.55	29.801
1269.16	36.6686
1270.76	12.1011
1272.37	14.0363
1273.97	18.8071
1275.57	45.6581
1277.18	16.2556
1278.78	46.7437
1280.38	36.1089
1281.98	48.0374
1283.59	48.9349
1285.19	35.3984
1286.79	59.7429
1288.39	60.5208
1289.99	60.7209
1291.59	60.3711
1293.19	60.4783
1294.79	32.5126
1296.39	22.1113
1297.99	36.2843
1299.59	25.5892
1301.19	7.62036
1302.78	32.6914
1304.38	10.2754
1305.98	10.1395
1307.58	8.03455
1309.18	19.2076
1310.77	5.09033
1312.37	-0.235962
1313.96	-2.40027
1315.56	16.8782
1317.16	29.0747
1318.75	22.1969
1320.35	22.9661
1321.94	20.5052
1323.54	3.71411
1325.13	-2.40759
1326.72	20.4756
1328.32	18.2354
1329.91	17.8186
1331.5	25.1013
1333.09	13.2736
1334.69	-4.34668
1336.28	-2.67847
1337.87	-9.95911
1339.46	-11.7214
1341.05	0.916626
1342.64	-8.09912
1344.23	8.40833
1345.82	16.7478
1347.41	9.92932
1349	13.464
1350.59	15.88
1352.18	17.4965
1353.77	37.8281
1355.36	45.0759
1356.94	40.275
1358.53	22.891
1360.12	39.7698
1361.71	23.3507
1363.29	29.5508
1364.88	38.3685
1366.46	38.0211
1368.05	19.074
1369.63	30.7167
1371.22	12.6722
1372.8	17.0103
1374.39	15.3367
1375.97	19.9824
1377.56	38.4158
1379.14	30.6786
1380.73	40.7386
1382.31	31.2102
1383.89	36.184
1385.47	38.6024
1387.05	37.5139
1388.64	43.4125
1390.22	34.1509
1391.8	27.1304
1393.38	30.0261
1394.96	38.5881
1396.54	38.6594
1398.12	30.0707
1399.7	35.1995
1401.28	49.9355
1402.86	34.4529
1404.44	28.3556
1406.02	37.7068
1407.59	70.2728
1409.17	63.402
1410.75	64.509
1412.33	100.208
1413.9	108.869
1415.48	123.116
1417.06	147.412
1418.63	143.758
1420.21	168.59
1421.78	223.75
1423.36	277.085
1424.93	308.256
1426.51	373.044
1428.08	426.928
1429.66	454.498
1431.23	495.059
1432.8	519.464
1434.38	541.343
1435.95	518.87
1437.52	459.643
1439.09	408.035
1440.67	352.94
1442.24	289.931
1443.81	238.903
1445.38	203.034
1446.95	163.938
1448.52	123.659
1450.09	89.1863
1451.66	74.2761
1453.23	54.3361
1454.8	62.9506
1456.37	28.5458
1457.94	9.20398
1459.5	4.26489
1461.07	2.84888
1462.64	3.6521
1464.21	-18.5323
1465.77	-0.955933
1467.34	14.2522
1468.91	18.0605
1470.47	52.014
1472.04	34.8909
1473.6	37.7968
1475.17	38.9552
1476.73	44.9673
1478.3	55.7155
1479.86	61.4718
1481.43	63.7115
1482.99	61.141
1484.56	85.4753
1486.12	98.0088
1487.68	99.4646
1489.24	123.578
1490.81	151.443
1492.37	153.485
1493.93	191.439
1495.49	201.417
1497.05	223.494
1498.61	291.703
1500.17	333.185
1501.73	352.88
1503.29	360.542
1504.85	363.196
1506.41	355.998
1507.97	341.774
1509.53	301.57
1511.09	264.796
1512.65	216.808
1514.2	196.333
1515.76	185.53
1517.32	137.477
1518.88	115.467
1520.43	106.904
1521.99	97.4398
1523.54	85.1538
1525.1	78.2909
1526.65	75.297
1528.21	44.155
1529.76	28.7924
1531.32	20.9166
1532.87	21.703
1534.43	37.3864
1535.98	26.5267
1537.53	20.876
1539.09	-14.1298
1540.64	-27.27
1542.19	1.73328
1543.75	3.38135
1545.3	-7.5675
1546.85	2.64856
1548.4	13.1538
1549.95	-5.30225
1551.5	-16.0457
1553.05	-10.799
1554.6	-0.350952
1556.15	2.37305
1557.7	13.6466
1559.25	10.5184
1560.8	-1.48279
1562.35	-1.27502
1563.9	-3.22156
1565.44	13.6914
1566.99	20.74
1568.54	-6.7915
1570.09	3.1936
1571.63	12.8054
1573.18	3.10376
1574.73	-0.201538
1576.27	36.9868
1577.82	4.29578
1579.36	5.20935
1580.91	24.2368
1582.45	40.7961
1584	41.2705
1585.54	68.6007
1587.09	87.6302
1588.63	128.68
1590.17	129.962
1591.72	155.65
1593.26	168.53
1594.8	148.136
1596.34	148.377
1597.89	124.035
1599.43	111.26
1600.97	93.1313
1602.51	82.2759
1604.05	43.9883
1605.59	28.4155
1607.13	33.2612
1608.67	41.7251
1610.21	37.802
1611.75	42.8884
1613.29	21.3125
1614.83	42.8416
1616.37	56.7585
1617.9	57.1907
1619.44	66.9541
1620.98	75.3845
1622.52	85.6338
1624.05	86.7334
1625.59	100.17
1627.13	118.384
1628.66	135.887
1630.2	195.018
1631.73	236.146
1633.27	276.001
1634.8	318.336
1636.34	377.171
1637.87	435.581
1639.41	487.638
1640.94	506.533
1642.47	474.621
1644.01	437.157
1645.54	398.859
1647.07	336.272
1648.61	292.798
1650.14	245.433
1651.67	186.807
1653.2	147.66
1654.73	138.479
1656.26	129.181
1657.79	129.92
1659.32	97.4265
1660.85	95.2427
1662.38	77.1787
1663.91	89.7461
1665.44	103.737
1666.97	94.9153
1668.5	79.2458
1670.03	74.0911
1671.55	59.9924
1673.08	46.8689
1674.61	25.1738
1676.14	27.2415
1677.66	19.6008
1679.19	31.5227
1680.72	36.592
1682.24	27.5728
1683.77	35.0547
1685.29	46.3396
1686.82	47.6467
1688.34	63.2209
1689.87	65.5303
1691.39	42.281
1692.91	55.0684
1694.44	50.9268
1695.96	65.5984
1697.48	73.5522
1699.01	87.3374
1700.53	60.937
1702.05	70.4175
1703.57	55.4194
1705.1	64.6758
1706.62	61.936
1708.14	74.8772
1709.66	16.3931
1711.18	19.3728
1712.7	32.0034
1714.22	15.1406
1715.74	32.2595
1717.26	17.311
1718.78	40.2239
1720.3	49.8181
1721.81	37.4631
1723.33	22.5198
1724.85	52.9844
1726.37	7.28711
1727.89	1.06299
1729.4	26.2947
1730.92	32.3574
1732.44	22.1511
1733.95	21.061
1735.47	22.801
1736.98	18.3176
1738.5	27.5811
1740.01	14.6887
1741.53	19.3472
1743.04	-8.05225
1744.56	17.4839
1746.07	7.11084
1747.58	-15.674
1749.1	9.17578
1750.61	5.62134
1752.12	-7.50366
1753.64	-4.99463
1755.15	-14.797
1756.66	11.4756
1758.17	12.1975
1759.68	-4.67041
1761.19	-2.9165
1762.71	1.12305
1764.22	17.49
1765.73	35.356
1767.24	6.47437
1768.67	8.7373
1770.19	4.91406
1771.7	14.0361
1773.21	-14.0323
1774.72	-28.9819
1776.23	-13.2747
1777.74	20.0571
1779.25	14.5972
1780.76	44.2642
1782.27	4.02222
1783.78	6.59033
1785.29	10.9734
1786.8	4.07153
1788.31	-11.3083
1789.82	1.09082
1791.33	21.7617
1792.84	24.9705
1794.34	-29.5347
1795.85	-16.1227
1797.36	4.87793
1798.86	32.9421
1800.37	-22.9587
1801.88	2.86475
1803.38	13.1489
1804.89	5.70728
1806.39	-9.43933
1807.9	11.7817
1809.4	19.8875
1810.91	-3.7655
1812.41	-1.91504
1813.92	1.1084
1815.42	15.3972
1816.92	24.4841
1818.43	-12.2
1819.93	23.3074
1821.43	19.2615
1822.93	21.5896
1824.44	21.1663
1825.94	19.8735
1827.44	5.94971
1828.94	22.2999
1830.44	8.93188
1831.94	-20.1479
1833.44	5.70398
1834.94	25.5538
1836.44	6.11731
1837.94	-13.2665
1839.44	8.82141
1840.94	6.45276
1842.44	30.4292
1843.94	12.1797
1845.44	-20.8916
1846.93	0.409546
1848.43	8.45105
1849.93	19.577
1851.43	10.2941
1852.92	39.7262
1854.42	-14.6335
1855.92	-0.701538
1857.41	12.5552
1858.91	-13.0803
1860.4	5.16113
1861.9	-5.80762
1863.39	-6.50049
1864.89	13.6129
1866.38	-0.0914307
1867.88	0.538696
1869.37	12.262
1870.86	5.23083
1872.36	2.43567
1873.85	3.11511
1875.34	7.39954
1876.83	13.6201
1878.33	14.472
1879.82	22.1522
1881.31	-14.7809
1882.8	8.89233
1884.29	29.4524
1885.78	6.9834
1887.27	38.2133
1888.76	24.9365
1890.25	1.5238
1891.74	5.68066
1893.23	-8.78577
1894.72	18.0532
1896.21	2.5448
1897.7	-3.08801
1899.18	-12.5287
1900.67	2.01111
1902.16	10.2991
1903.65	-3.29749
1905.13	-14.8086
1906.62	-5.8064
1908.11	-12.9738
1909.59	9.50818
1911.08	16.4202
1912.56	6.34924
1914.05	-12.1207
1915.53	-4.96802
1917.02	13.0068
1918.5	18.3749
1919.99	28.6057
1921.47	29.3636
1922.96	35.6418
1924.44	47.2974
1925.92	29.2775
1927.41	31.6964
1928.89	31.2747
1930.37	13.5992
1931.85	41.5099
1933.33	19.6613
1934.82	15.678
1936.3	24.7415
1937.78	40.2544
1939.26	42.885
1940.74	47.6511
1942.22	42.1451
1943.7	42.2501
1945.18	10.8157
1946.66	0.751831
1948.14	25.3654
1949.62	12.5389
1951.09	31.1565
1952.57	1.78735
1954.05	28.821
1955.53	54.515
1957.01	37.0363
1958.48	34.3206
1959.96	44.1362
1961.44	49.4542
1962.91	40.442
1964.39	50.4521
1965.86	69.1588
1967.34	41.4325
1968.81	22.7726
1970.29	39.1182
1971.76	34.2865
1973.24	32.3683
1974.71	24.4359
1976.19	28.746
1977.66	30.4117
1979.13	54.9128
1980.61	38.5291
1982.08	39.6152
1983.55	40.5295
1985.02	53.7524
1986.5	43.0586
1987.97	50.7323
1989.44	57.9072
1990.91	46.1953
1992.38	40.0139
1993.85	48.597
1995.32	57.6011
1996.79	33.1614
1998.26	33.8871
1999.73	20.5819
2001.2	41.2836
2002.67	30.6074
2004.14	38.468
2005.61	62.2202
2007.07	48.2139
2008.54	20.0543
2010.01	29.9911
2011.48	22.1699
2012.94	47.955
2014.41	49.7816
2015.88	63.3136
2017.34	42.4351
2018.81	50.5547
2020.27	44.9192
2021.74	24.6897
2023.21	52.8347
2024.67	37.3595
2026.13	30.9813
2027.6	27.4302
2029.06	37.314
2030.53	20.5498
2031.99	21.0061
2033.45	56.0406
2034.91	55.0303
2036.38	61.2379
2037.84	55.2723
2039.3	58.7334
2040.77	70.7849
2042.23	64.8162
2043.69	62.5874
2045.15	50.7743
2046.61	35.0264
2048.07	37.1975
2049.53	24.8601
2050.99	44.0499
2052.45	35.7877
2053.91	27.3849
2055.37	36.678
2056.83	45.0107
2058.29	44.5653
2059.74	59.2953
2061.2	59.0625
2062.66	51.781
2064.12	61.9974
2065.57	51.7144
2067.03	29.9946
2068.49	44.5193
2069.95	44.8746
2071.4	64.1729
2072.86	49.8597
2074.31	48.0033
2075.77	73.045
2077.22	63.3409
2078.68	72.0485
2080.13	80.4695
2081.59	91.6871
2083.04	70.2272
2084.49	84.7091
2085.95	76.2648
2087.4	72.1221
2088.85	75.9749
2090.31	86.5519
2091.76	74.9569
2093.21	69.9208
2094.66	71.007
2096.11	77.7983
2097.57	64.7977
2099.02	53.9534
2100.47	53.5475
2101.92	62.9052
2103.37	65.0388
2104.82	45.4099
2106.27	52.2847
2107.72	50.9037
2109.17	46.9963
2110.62	61.0078
2112.07	58.3514
2113.51	48.0725
2114.96	59.9231
2116.41	76.1556
2117.86	59.7605
2119.31	60.6434
2120.75	88.6764
2122.2	62.3645
2123.65	46.5413
2125.09	67.7697
2126.54	75.299
2127.98	58.674
2129.43	59.4142
2130.88	55.4064
2132.32	63.683
2133.76	62.9979
2135.21	35.9053
2136.65	40.8276
2138.1	58.2014
2139.54	64.4849
2140.98	54.276
2142.43	61.2391
2143.87	58.3732
2145.31	63.2737
2146.75	78.3586
2148.2	80.7972
2149.64	62.5366
2151.08	64.0542
2152.52	80.4648
2153.96	76.3063
2155.4	55.5175
2156.84	72.7272
2158.28	69.5857
2159.72	65.4899
2161.16	73.4393
2162.6	76.8409
2164.04	74.7682
2165.48	65.9198
2166.92	80.6737
2168.36	83.9757
2169.8	52.583
2171.23	58.0624
2172.67	73.3451
2174.11	77.1631
2175.55	88.3707
2176.98	86.451
2178.42	69.1848
2179.86	69.3752
2181.29	73.7168
2182.73	69.8875
2184.16	82.6926
2185.6	81.5333
2187.03	89.3774
2188.47	81.5486
2189.9	94.4069
2191.34	89.444
2192.77	63.3
2194.2	70.8182
2195.64	83.4523
2197.07	92.0681
2198.5	86.5656
2199.94	86.0638
2201.37	88.5217
2202.8	85.7524
2204.23	75.1188
2205.66	74.4183
2207.09	62.0503
2208.53	76.3788
2209.96	61.9453
2211.39	67.3982
2212.82	75.0115
2214.25	52.9968
2215.68	53.9463
2217.11	61.6857
2218.53	68.9114
2219.96	73.9827
2221.39	53.2871
2222.82	50.8845
2224.25	62.0602
2225.68	53.8326
2227.1	50.5818
2228.53	47.1052
2229.96	38.259
2231.39	35.0148
2232.81	48.8164
2234.24	60.9904
2235.66	69.7893
2237.09	48.3351
2238.52	50.436
2239.94	61.8987
2241.37	50.9429
2242.79	43.3232
2244.21	43.0442
2245.64	32.1239
2247.06	39.6089
2248.49	34.5773
2249.91	46.0082
2251.33	43.5028
2252.76	44.3218
2254.18	42.9207
2255.6	34.4963
2257.02	18.3738
2258.45	15.1481
2259.87	22.2324
2261.29	19.7065
2262.71	17.0406
2264.13	15.3165
2265.55	45.4039
2266.97	38.7964
2267.86	9.86035
2269.28	27.9175
2270.7	10.6599
2272.13	45.462
2273.55	32.4989
2274.97	12.6305
2276.39	36.2418
2277.81	15.6116
2279.23	33.1522
2280.65	30.5559
2282.07	8.19348
2283.49	18.5208
2284.91	10.3921
2286.33	38.1224
2287.75	27.4773
2289.17	10.7786
2290.59	23.7465
2292.01	3.51392
2293.43	1.17126
2294.84	25.6837
2296.26	39.3016
2297.68	16.6619
2299.1	28.0336
2300.51	37.0155
2301.93	15.9166
2303.35	35.3375
2304.76	27.4799
2306.18	17.3439
2307.59	18.6952
2309.01	10.6229
2310.42	5.94714
2311.84	-14.5157
2313.25	43.0929
2314.67	31.2334
2316.08	16.2484
2317.5	39.5175
2318.91	15.6545
2320.32	21.4048
2321.74	4.98132
2323.15	19.1322
2324.56	23.7343
2325.97	15.5276
2327.39	31.9407
2328.8	4.36011
2330.21	52.5449
2331.62	36.873
2333.03	40.8005
2334.44	28.6229
2335.85	40.177
2337.26	-2.76013
2338.67	21.9146
2340.08	27.6653
2341.49	4.01123
2342.9	20.3385
2344.31	25.3397
2345.72	18.7294
2347.13	0.109009
2348.53	8.06335
2349.94	35.5885
2351.35	13.8107
2352.76	13.2827
2354.16	43.7412
2355.57	-1.89917
2356.98	17.7103
2358.39	12.5404
2359.79	16.6913
2361.2	27.3157
2362.6	35.3007
2364.01	36.7664
2365.41	27.1887
2366.82	41.3923
2368.22	24.3287
2369.63	24.1984
2371.03	2.09338
2372.43	29.7107
2373.84	49.6166
2375.24	27.5988
2376.65	13.7798
2378.05	21.1208
2379.45	24.0841
2380.85	-2.59265
2382.25	5.51672
2383.66	-2.51428
2385.06	9.17639
2386.46	-7.12146
2387.86	21.5906
2389.26	17.0068
2390.66	14.3184
2392.06	11.9685
2393.46	31.9879
2394.86	18.2151
2396.26	10.6024
2397.66	32.3918
2399.06	26.1473
2400.46	25.3804
2401.86	21.1201
2403.26	29.1788
2404.65	19.8348
2406.05	15.4426
2407.45	11.3145
2408.85	20.7065
2410.24	32.0112
2411.64	40.1014
2413.04	30.0339
2414.43	25.5548
2415.83	35.0758
2417.23	24.6019
2418.62	48.7115
2420.02	15.936
2421.41	47.7749
2422.81	31.7126
2424.2	58.2791
2425.59	48.0427
2426.99	65.0477
2428.38	54.0043
2429.78	62.621
2431.17	53.7689
2432.56	64.6403
2433.95	52.4612
2435.35	54.4767
2436.74	74.7047
2438.13	81.9878
2439.52	68.8387
2440.91	68.9415
2442.31	68.5643
2443.7	82.0658
2445.09	58.4636
2446.48	77.5281
2447.87	68.1958
2449.26	76.3315
2450.65	79.8579
2452.04	85.5214
2453.43	77.1825
2454.82	78.4673
2456.2	55.4512
2457.59	72.4219
2458.98	57.5785
2460.37	78.7552
2461.76	73.9706
2463.14	46.9562
2464.53	80.4071
2465.92	66.4088
2467.31	63.9425
2468.69	52.1874
2470.08	62.6085
2471.46	65.7775
2472.85	64.1818
2474.23	83.3342
2475.62	77.5314
2477	48.2076
2478.39	69.692
2479.77	90.7604
2481.16	68.025
2482.54	57.9662
2483.93	70.5408
2485.31	56.9954
2486.69	75.0117
2488.08	85.4783
2489.46	64.3733
2490.84	55.924
2492.22	41.6178
2493.6	38.897
2494.99	56.3513
2496.37	68.7675
2497.75	67.0989
2499.13	44.0013
2500.51	68.8932
2501.89	49.6774
2503.27	61.9189
2504.65	61.8914
2506.03	47.8937
2507.41	44.4139
2508.79	55.9071
2510.17	47.8704
2511.55	34.6586
2512.93	43.4054
2514.3	51.6926
2515.68	60.0729
2517.06	72.8979
2518.44	82.6674
2519.82	62.762
2521.19	52.7645
2522.57	47.928
2523.95	47.3674
2525.32	49.4418
2526.7	45.7406
2528.07	40.6959
2529.45	70.3218
2530.82	53.2727
2532.2	35.3534
2533.57	44.2694
2534.95	50.4928
2536.32	51.8577
2537.7	58.8807
2539.07	53.4015
2540.44	40.2343
2541.82	37.7349
2543.19	58.8683
2544.56	44.8417
2545.94	33.0396
2547.31	51.3389
2548.68	53.1495
2550.05	61.2191
2551.42	47.0895
2552.8	54.4756
2554.17	44.983
2555.54	40.699
2556.91	35.6199
2558.28	38.8157
2559.65	47.0732
2561.02	27.871
2562.39	31.0728
2563.76	44.6884
2565.13	17.0297
2566.5	28.39
2567.86	25.6453
2569.23	34.3523
2570.6	32.3595
2571.97	37.4379
2573.34	39.0968
2574.7	42.8118
2576.07	35.1401
2577.44	31.3859
2578.8	37.7477
2580.17	23.5878
2581.54	34.1022
2582.9	16.951
2584.27	16.127
2585.63	19.1047
2587	31.9066
2588.36	19.1721
2589.73	25.2828
2591.09	36.5715
2592.46	40.9967
2593.82	29.6105
2595.19	34.3033
2596.55	33.3668
2597.91	15.6532
2599.27	21.0631
2600.64	21.9692
2602	14.9158
2603.36	14.8359
2604.72	20.676
2606.09	18.7659
2607.45	34.5106
2608.81	38.6613
2610.17	19.7076
2611.53	27.9613
2612.89	25.395
2614.25	24.6533
2615.61	20.4979
2616.97	34.4886
2618.33	33.9946
2619.69	33.89
2621.05	36.3005
2622.41	32.5898
2623.77	35.2637
2625.13	34.6166
2626.48	36.9673
2627.84	37.4167
2629.2	32.8468
2630.56	40.8949
2631.91	45.9313
2633.27	34.5875
2634.63	22.8501
2635.98	24.4839
2637.34	26.1385
2638.7	27.3188
2640.05	28.1769
2641.41	25.5326
2642.76	8.75867
2644.12	9.46228
2645.47	11.3358
2646.83	12.1866
2648.18	9.57312
2649.54	3.2627
2650.89	-0.795288
2652.24	15.2264
2653.6	20.8741
2654.95	24.1008
2656.3	12.7745
2657.65	4.47266
2659.01	0.770264
2660.36	11.2377
2661.71	9.88416
2663.06	3.98608
2664.41	11.4548
2665.77	5.46509
2667.12	6.69556
2668.47	11.3481
2669.82	-4.20313
2671.17	-17.6869
2672.52	-8.02319
2673.87	0.0322266
2675.22	-5.34412
2676.56	7.52856
2677.91	3.74182
2679.26	-2.84387
2680.61	-4.01636
2681.96	6.02222
2683.31	0.835449
2684.66	0.227783
2686	0.567505
2687.35	-1.95422
2688.7	-1.21838
2690.04	-4.44946
2691.39	9.19702
2692.74	11.5629
2694.08	-2.71887
2695.43	-5.82166
2696.77	4.30579
2698.12	10.4812
2699.46	-2.34155
2700.81	-17.6776
2702.16	-6.24414
2703.5	3.18164
2704.84	-1.1344
2706.19	-0.0592041
2707.53	1.57434
2708.87	5.81799
2710.22	5.82495
2711.56	1.77063
2712.9	-4.34631
2714.25	0.587769
2715.59	2.04895
2716.93	2.20313
2718.27	9.37817
2719.61	2.71948
2720.95	-3.3877
2722.3	-5.12915
2723.64	0.920166
2724.98	-1.16492
2726.32	-3.40967
2727.66	3.5592
2729	5.45911
2730.34	1.12585
2731.68	-6.99915
2733.02	-1.23267
2734.35	6.77979
2735.69	9.12183
2736.38	11.4746
2737.72	14.6531
2739.06	-5.73254
2740.4	-4.53735
2741.74	-3.67175
2743.08	5.07153
2744.42	8.50342
2745.76	20.0762
2747.1	19.3597
2748.44	0.603271
2749.78	36.4915
2751.12	14.0511
2752.45	9.97156
2753.79	9.34094
2755.13	-8.74097
2756.47	-1.04297
2757.81	5.37549
2759.14	-1.40942
2760.48	6.68323
2761.82	-0.113037
2763.15	5.31763
2764.49	12.1951
2765.83	15.4524
2767.16	23.0684
2768.5	41.5012
2769.83	36.8018
2771.17	9.83508
2772.5	20.55
2773.84	14.9507
2775.17	-6.3573
2776.51	11.8182
2777.84	12.1144
2779.17	7.03174
2780.51	21.2267
2781.84	27.486
2783.17	15.3116
2784.5	23.1276
2785.84	17.3247
2787.17	10.7452
2788.5	25.0717
2789.83	24.5165
2791.16	-5.67126
2792.5	-2.29187
2793.83	22.5759
2795.16	7.29358
2796.49	21.2476
2797.82	27.3689
2799.15	39.5536
2800.48	20.4536
2801.81	21.7095
2803.14	37.2983
2804.47	35.2565
2805.79	25.6526
2807.12	20.2937
2808.45	14.5624
2809.78	24.402
2811.11	20.6841
2812.44	3.2356
2813.76	14.0781
2815.09	4.71228
2816.42	7.58411
2817.74	6.62085
2819.07	19.8213
2820.4	37.8781
2821.72	24.0493
2823.05	3.81885
2824.38	14.443
2825.7	-2.71985
2827.03	5.14136
2828.35	18.401
2829.67	15.9542
2831	3.57983
2832.32	3.26953
2833.65	2.93579
2834.97	13.2776
2836.3	-2.83765
2837.62	-3.67188
2838.94	-16.6058
2840.26	4.64197
2841.59	-0.394409
2842.91	-5.38379
2844.23	6.91833
2845.55	11.3456
2846.88	16.2825
2848.2	18.7966
2849.52	-1.39832
2850.84	4.13892
2852.16	-1.28186
2853.48	-6.62219
2854.8	-6.08618
2856.12	9.53613
2857.44	11.0885
2858.76	12.907
2860.08	8.33997
2861.4	12.6331
2862.72	-13.7627
2864.03	-0.441895
2865.35	8.98132
2866.67	-1.80261
2867.99	0.128906
2869.31	-7.06885
2870.63	7.33313
2871.94	14.6995
2873.26	14.3129
2874.58	8.51563
2875.89	23.1523
2877.21	-6.45081
2878.52	-0.577881
2879.84	0.806274
2881.16	21.0458
2882.47	6.73145
2883.79	9.45142
2885.1	0.169434
2886.42	5.23071
2887.73	1.16992
2889.05	5.23901
2890.36	4.0769
2891.67	8.35571
2892.99	3.70911
2894.3	15.4658
2895.61	13.0869
2896.93	28.86
2898.24	22.6941
2899.55	22.5472
2900.86	13.5922
2902.18	5.87573
2903.49	13.1837
2904.8	27.6241
2906.11	13.8491
2907.42	6.77917
2908.73	10.6896
2910.04	14.8026
2911.35	21.9368
2912.66	22.4412
2913.97	4.34607
2915.28	5.08997
2916.59	12.5278
2917.9	12.4095
2919.21	18.9114
2920.52	9.67603
2921.83	0.714966
2923.13	-6.35913
2924.44	0.0124512
2925.75	16.5594
2927.06	15.9318
2928.37	0.614746
2929.67	-6.85046
2930.98	-14.4906
2932.29	-12.2207
2933.59	-1.49182
2934.9	11.9603
2936.2	7.0188
2937.51	14.166
2938.82	-2.6582
2940.12	10.417
2941.43	10.2332
2942.73	16.4698
2944.04	11.1083
2945.34	13.7816
2946.64	13.8859
2947.95	23.9543
2949.25	6.44617
2950.55	4.57336
2951.86	4.91809
2953.16	1.36279
2954.46	20.0615
2955.77	12.739
2957.07	6.02917
2958.37	2.12878
2959.67	-0.459473
2960.97	-0.589966
2962.28	-10.4585
2963.58	-14.5691
2964.88	-4.49927
2966.18	6.46326
2967.48	-8.78455
2968.78	10.7352
2970.08	11.2518
2971.38	14.8586
2972.68	10.697
2973.98	11.0511
2975.28	-0.593506
2976.58	7.83313
2977.87	2.34753
2979.17	18.7167
2980.47	13.7513
2981.77	19.5258
2983.07	18.1014
2984.36	12.1821
2985.66	17.2799
2986.96	3.72266
2988.26	-0.223389
2989.55	4.62183
2990.85	3.60437
2992.15	1.20508
2993.44	7.31567
2994.74	-2.15845
2996.03	3.2655
2997.33	12.7307
2998.62	24.3807
2999.92	27.397
3001.21	14.7955
3002.51	12.5662
3003.8	9.15405
3005.1	9.17261
3006.39	14.3839
3007.68	21.7594
3008.98	14.7151
3010.27	2.14258
3011.56	-4.01086
3012.85	2.50293
3014.15	4.81958
3015.44	11.0682
3016.73	15.4701
3018.02	23.1835
3019.31	31.1597
3020.6	24.4354
3021.89	10.1859
3023.18	12.9006
3024.48	19.3175
3025.77	17.3606
3027.06	18.8425
3028.35	15.5435
3029.64	5.79761
3030.92	12.0065
3032.21	15.6399
3033.5	14.1555
3034.79	16.5262
3036.08	18.8486
3037.37	19.3964
3038.66	9.69238
3039.94	8.96497
3041.23	15.7466
3042.52	23.0725
3043.81	13.9655
3045.09	8.47314
3046.38	9.42017
3047.67	13.0358
3048.95	13.132
3050.24	18.1796
3051.53	14.2937
3052.81	9.19885
3054.1	10.6063
3055.38	12.0537
3056.67	5.29419
3057.95	-9.0387
3059.24	-0.366333
3060.52	4.95044
3061.8	3.75049
3063.09	11.8149
3064.37	10.0585
3065.65	-1.45679
3066.94	-3.98865
3068.22	8.05493
3069.5	9.28149
3070.79	0.9375
3072.07	4.43604
3073.35	13.3445
3074.63	11.7939
3075.91	2.23267
3077.19	-7.76758
3078.48	-1.85364
3079.76	1.25549
3081.04	-2.08252
3082.32	-1.44666
3083.6	-2.34216
3084.88	1.75684
3086.16	2.58081
3087.44	-0.646851
3088.72	-0.672485
3090	-6.70691
3091.27	-12.5386
3092.55	-2.06042
3093.83	8.0354
3095.11	7.81726
3096.39	5.93616
3097.67	11.3584
3098.94	16.1299
3100.22	12.0049
3101.5	6.24866
3102.77	11.6831
3104.05	3.24243
3105.33	-4.17236
3106.6	6.81982
3107.88	-8.76331
3109.16	-9.66138
3110.43	9.06799
3111.71	10.1042
3112.98	-5.11804
3114.26	-2.16235
3115.53	0.927124
3116.81	-0.288452
3118.08	1.45752
3119.35	2.8905
3120.63	7.97156
3121.9	10.78
3123.18	10.1934
3124.45	15.3734
3125.72	8.79517
3126.99	13.4705
3128.26	17.101
3129.54	20.6332
3130.81	16.4419
3132.08	6.60571
3133.35	15.0292
3134.63	21.241
3135.9	25.0914
3137.17	14.7274
3138.44	11.3225
3139.71	-0.425781
3140.98	10.4396
3142.25	12.7856
3143.52	30.6462
3144.79	16.5442
3146.06	17.4395
3147.33	15.9598
3148.59	15.5212
3149.86	12.6073
3151.13	4.94702
3152.4	2.05127
3153.67	13.1005
3154.94	4.10486
3156.2	10.0482
3157.47	-2.21631
3158.74	2.80835
3160.01	6.12244
3161.27	-0.487549
3162.54	-4.71594
3163.8	3.0946
3165.07	-4.97791
3166.34	6.37854
3167.6	-15.4371
3168.87	0.0726318
3170.13	11.7266
3171.4	12.1433
3172.66	-5.11609
3173.93	-7.31348
3175.19	10.8643
3176.46	-2.33569
3177.72	13.9169
3178.98	20.1237
3179.83	11.8734
3181.09	5.01575
3182.36	8.06995
3183.62	-7.75793
3184.89	-1.73193
3186.15	7.56763
3187.42	1.03149
3188.68	9.72363
3189.95	20.8707
3191.21	9.44763
3192.47	5.27185
3193.74	16.6658
3195	4.75
3196.26	-3.01282
3197.53	16.5017
3198.79	12.3909
3200.05	17.2324
3201.32	17.4827
3202.58	15.72
3203.84	-4.67664
3205.1	10.0297
3206.36	4.45532
3207.62	11.0555
3208.89	-9.94617
3210.15	-1.41589
3211.41	-9.56848
3212.67	8.12976
3213.93	8.90881
3215.19	2.89172
3216.45	-1.1676
3217.71	3.24915
3218.97	8.21973
3220.23	-9.45508
3221.48	-1.38123
3222.74	1.57947
3224	-2.48999
3225.26	-3.63867
3226.52	3.6626
3227.77	13.4025
3229.03	1.64343
3230.29	-3.88904
3231.55	-0.307129
3232.8	23.4414
3234.06	1.30933
3235.32	0.300293
3236.57	18.1014
3237.83	12.2914
3239.09	10.0629
3240.34	-0.176147
3241.6	8.23438
3242.85	2.20593
3244.11	12.9845
3245.36	3.56763
3246.62	8.82458
3247.87	6.15576
3249.12	0.431885
3250.38	4.94983
3251.63	11.1807
3252.89	3.95618
3254.14	15.932
3255.39	-4.98718
3256.64	0.456421
3257.9	3.0531
3259.15	9.50842
3260.4	6.66321
3261.65	-2.25696
3262.91	5.62292
3264.16	4.45508
3265.41	7.64783
3266.66	-4.38684
3267.91	-0.568359
3269.16	11.6653
3270.41	19.9456
3271.66	2.08179
3272.91	-0.613403
3274.16	7.55139
3275.41	11.7133
3276.66	-1.48584
3277.91	7.96179
3279.16	4.87622
3280.41	7.61487
3281.66	-0.403198
3282.9	2.92896
3284.15	11.9349
3285.4	6.672
3286.65	-3.51111
3287.89	-15.3798
3289.14	0.237793
3290.39	-1.73987
3291.64	12.703
3292.88	13.0743
3294.13	2.28125
3295.38	9.35779
3296.62	15.2223
3297.87	7.97278
3299.11	3.73743
3300.36	12.1101
3301.6	7.92273
3302.85	18.772
3304.09	17.58
3305.34	26.3777
3306.58	15.3
3307.83	10.3987
3309.07	10.4155
3310.31	12.191
3311.56	5.83789
3312.8	17.202
3314.04	9.87708
3315.29	5.60376
3316.53	8.78467
3317.77	9.46057
3319.01	11.7163
3320.25	29.0438
3321.49	21.7483
3322.74	19.8944
3323.98	26.4037
3325.22	27.2452
3326.46	20.0228
3327.7	13.6097
3328.94	6.7699
3330.18	21.0026
3331.42	9.25458
3332.66	6.10364
3333.9	10.2092
3335.14	15.8801
3336.38	14.7303
3337.62	5.38513
3338.86	9.19012
3340.1	11.3658
3341.33	5.32495
3342.57	13.201
3343.81	8.29211
3345.05	8.09155
3346.28	10.7663
3347.52	14.0201
3348.76	17.9534
3350	6.61804
3351.23	14.661
3352.47	12.4152
3353.71	9.5498
3354.94	12.0995
3356.18	13.6616
3357.41	5.9718
3358.65	6.70526
3359.88	3.66705
3361.12	5.45038
3362.35	6.12262
3363.59	4.1463
3364.82	11.8272
3366.05	13.1691
3367.29	6.33667
3368.52	5.16565
3369.76	9.38574
3370.99	8.10632
3372.22	-5.01929
3373.46	5.63751
3374.69	-9.23352
3375.92	-4.13049
3377.15	-2.03094
3378.38	-0.819458
3379.62	-2.02069
3380.85	9.88702
3382.08	5.01819
3383.31	-5.07367
3384.54	4.31317
3385.77	5.00146
3387	-5.48969
3388.23	-7.93091
3389.46	7.54962
3390.69	1.53552
3391.92	-6.29187
3393.15	-2.23389
3394.38	-4.25201
3395.61	-7.55609
3396.84	-0.739563
3398.07	2.41547
3399.3	3.6814
3400.52	13.7711
3401.75	3.23224
3402.98	6.58533
3404.21	8.70343
3405.44	7.61346
3406.66	14.83
3407.89	0.644714
3409.12	2.30908
3410.34	0.490601
3411.57	15.9017
3412.79	14.0167
3414.02	5.69086
3415.25	-2.05402
3416.47	0.479736
3417.7	7.87592
3418.92	5.48065
3420.15	6.74707
3421.37	3.60229
3422.6	12.9918
3423.82	8.90607
3425.04	11.9914
3426.27	22.183
3427.49	7.93622
3428.72	-6.74884
3429.94	7.33685
3431.16	21.2686
3432.38	16.9592
3433.61	12.4841
3434.83	20.8131
3436.05	18.9471
3437.27	5.84821
3438.5	3.04309
3439.72	1.37488
3440.94	11.3862
3442.16	15.4207
3443.38	26.0276
3444.6	25.3734
3445.82	22.9598
3447.04	27.237
3448.26	23.2867
3449.48	22.2978
3450.7	17.6237
3451.92	8.38977
3453.14	12.59
3454.36	18.1182
3455.58	17.1913
3456.8	15.0811
3458.01	19.58
3459.23	12.733
3460.45	25.3986
3461.67	26.0449
3462.89	21.9
3464.1	14.5254
3465.32	25.7925
3466.54	21.8335
3467.75	16.5541
3468.97	11.0184
3470.19	24.3293
3471.4	28.2426
3472.62	18.6826
3473.83	15.9449
3475.05	19.092
3476.27	31.9807
3477.48	26.5323
3478.7	35.6548
3479.91	20.1774
3481.13	23.0801
3482.34	24.2511
3483.55	23.6619
3484.77	31.5952
3485.98	31.7084
3487.19	22.1639
3488.41	25.4161
3489.62	28.9592
3490.83	25.8848
3492.05	28.4691
3493.26	25.6179
3494.47	23.2894
3495.68	19.4647
3496.89	26.0371
3498.11	34.1545
3499.32	27.6958
3500.53	17.4302
3501.74	30.8726
3502.95	31.1975
3504.16	15.4916
3505.37	14.8793
3506.58	10.4339
3507.79	11.3685
3509	14.6569
3510.21	9.58051
3511.42	13.9673
3512.63	17.7212
3513.84	23.0755
3515.05	12.0321
3516.26	15.1667
3517.46	21.3962
3518.67	22.7444
3519.88	20.29
3521.09	17.7237
3522.3	10.6364
3523.5	7.95178
3524.71	6.20557
3525.92	-0.787842
3527.12	-2.68085
3528.33	-4.98871
3529.54	9.08331
3530.74	2.677
3531.95	1.37445
3533.15	2.68176
3534.36	11.5601
3535.57	6.33698
3536.77	-3.19348
3537.97	-3.63684
3539.18	14.6725
3540.38	-2.90021
3541.59	1.27228
3542.79	4.39606
3544	4.26086
3545.2	15.6167
3546.4	3.25684
3547.61	9.9436
3548.81	5.52051
3550.01	9.60382
3551.21	13.6297
3552.42	4.70453
3553.62	-1.72223
3554.82	0.757141
3556.02	9.91071
3557.22	11.0051
3558.43	-9.70325
3559.63	-5.0379
3560.83	6.58722
3562.03	10.0715
3563.23	-4.92444
3564.43	2.90765
3565.63	-7.15015
3566.83	2.48901
3568.03	5.10962
3569.23	14.5817
3570.43	-10.3247
3571.63	-0.725708
3572.83	7.36737
3574.02	8.57733
3575.22	2.54156
3576.42	-1.16687
3577.62	5.44781
3578.82	1.60254
3580.02	-11.2153
3581.21	-3.99066
3582.41	-4.04828
3583.61	-2.28699
3584.8	8.84113
3586	-2.58325
3587.2	8.13306
3588.4	10.9182
3589.59	0.512634
3590.79	-13.3078
3591.98	5.62311
3593.18	-5.09949
3594.37	-3.20483
3595.57	6.15784
3596.76	-8.00391
3597.81	-7.25159
3599.01	3.39966
3600.21	-1.55536
3601.4	3.61975
3602.6	21.4226
3603.8	10.6116
3604.99	4.93567
3606.19	3.85468
3607.38	13.9918
3608.58	18.7822
3609.77	5.91229
3610.97	15.3304
3612.16	13.7799
3613.36	17.9176
3614.55	27.1753
3615.75	6.96167
3616.94	15.4131
3618.13	15.5658
3619.33	10.0411
3620.52	7.49097
3621.71	10.5192
3622.91	12.938
3624.1	6.48853
3625.29	-1.19568
3626.48	12.6169
3627.68	19.7002
3628.87	7.91504
3630.06	3.63184
3631.25	7.3985
3632.44	10.5541
3633.63	5.23254
3634.82	2.16962
3636.02	-5.77026
3637.21	6.50769
3638.4	15.083
3639.59	13.3635
3640.78	1.07227
3641.97	-1.13263
3643.16	2.51288
3644.34	-6.12738
3645.53	-5.57135
3646.72	7.30341
3647.91	0.597839
3649.1	-7.36536
3650.29	-9.96899
3651.48	6.2923
3652.67	-0.294556
3653.85	10.4444
3655.04	0.995544
3656.23	-3.83307
3657.42	3.18762
3658.6	0.463501
3659.79	2.24316
3660.97	-8.17645
3662.16	-1.1626
3663.35	-0.599426
3664.53	-8.42548
3665.72	3.85956
3666.9	4.95477
3668.09	2.19702
3669.28	10.5572
3670.46	5.83575
3671.65	1.27899
3672.83	7.81976
3674.01	0.355591
3675.2	5.40912
3676.38	6.39276
3677.57	-1.31567
3678.75	1.69232
3679.93	0.167664
3681.12	-2.61993
3682.3	-8.12592
3683.48	-12.4146
3684.67	0.438293
3685.85	-4.50122
3687.03	1.38068
3688.21	10.0367
3689.39	1.86786
3690.58	9.63855
3691.76	4.57166
3692.94	-3.99249
3694.12	-1.95282
3695.3	-6.82825
3696.48	-15.3848
3697.66	-5.79999
3698.84	5.69812
3699.19	14.9809
