61.6482	344.505
63.4877	187.93
65.3269	132.773
67.1635	151.629
69.002	244.532
70.8401	312.521
72.6756	329.284
74.513	234.706
76.35	111.288
78.1866	19.093
80.0208	-10.7933
81.8567	-23.4255
83.6923	-7.92053
85.5253	5.77917
87.3602	34.77
89.1925	32.3889
91.0267	45.9154
92.8604	86.8424
94.6917	145.308
96.5247	235.742
98.3574	370.853
100.188	560.12
102.02	738.167
103.849	1003.56
105.68	1270.3
107.509	1397
109.34	1246.03
111.168	974.987
112.997	705.654
114.827	530.78
116.654	423.769
118.483	400.812
120.309	415.802
122.137	422.412
123.962	405.015
125.79	353.426
127.615	310.788
129.439	289.381
131.265	240.294
133.089	201.367
134.915	138.228
136.738	80.8284
138.562	58.1165
140.385	44.108
142.207	48.5193
144.03	47.9857
145.852	42.6721
147.675	24.171
149.495	12.6766
151.316	2.22003
153.137	6.73523
154.957	0.371521
156.776	2.73407
158.597	-13.5214
160.415	-13.1107
162.233	-2.99194
164.053	13.4759
165.871	30.5283
167.688	11.9251
169.506	11.0543
171.323	-6.73743
173.139	-9.22711
174.954	-6.28882
176.772	-8.44366
178.586	2.12421
180.401	7.33972
182.215	24.9519
184.031	28.814
185.844	42.207
187.658	53.0884
189.47	53.5038
191.283	47.6414
193.097	41.3116
194.909	23.2959
196.72	11.3536
198.531	14.2928
200.342	1.45673
202.152	0.283325
203.962	-10.1155
205.773	-6.99725
207.583	-6.40198
209.392	-0.673279
211.2	-4.46271
213.008	10.5505
214.816	-2.2113
216.624	5.12842
218.431	8.70288
220.237	7.32831
222.044	3.05957
223.85	6.09308
225.656	8.97156
227.461	-11.2125
229.268	7.49274
231.073	1.56598
232.877	2.90601
234.681	2.6861
236.485	-0.284241
238.286	-4.75214
240.089	-10.1393
241.891	-6.40259
243.693	-5.5752
245.495	1.01001
247.297	-5.70978
249.098	0.751892
250.899	9.53845
252.699	-0.533447
254.499	5.11176
256.299	4.48285
258.098	3.38757
259.897	2.1875
261.694	8.89722
263.492	16.1125
265.29	35.2316
267.088	25.3757
268.885	56.5906
270.682	62.2709
272.479	62.0779
274.273	61.3976
276.069	55.8094
277.865	64.6512
279.66	60.9536
281.455	46.4019
283.247	37.2371
285.041	23.8021
286.835	41.8066
288.629	39.985
290.42	39.9612
292.212	28.1381
294.005	33.6623
295.797	38.546
297.587	33.9724
299.378	19.744
301.169	25.6758
302.958	10.7751
304.748	4.7746
306.538	10.9539
308.326	14.4962
310.115	15.2465
311.904	15.9582
313.69	18.2987
315.479	14.1309
317.267	19.9207
319.052	14.8234
320.839	-4.15179
322.624	-4.54303
324.411	11.9966
326.197	-6.99194
327.981	-2.49707
329.766	-7.14606
331.549	3.27368
333.334	-1.18713
335.116	2.06384
336.901	10.0403
338.682	1.96063
340.466	5.23016
342.247	16.9789
344.03	5.30859
345.81	14.65
347.592	6.30176
349.372	14.6147
351.153	21.0979
352.932	14.3026
354.713	10.6698
356.491	5.72815
358.271	15.0446
360.048	22.4763
361.826	14.1315
363.605	9.62494
365.381	30.0047
367.16	15.2842
368.935	24.8326
370.711	30.9688
372.488	14.8143
374.263	14.2114
376.038	18.471
377.814	29.5316
379.588	60.4127
381.361	71.5477
383.136	78.2322
384.909	91.4391
386.682	53.1156
388.456	42.2354
390.228	29.4926
391.999	15.7771
393.77	6.26904
395.543	8.11475
397.313	9.08563
399.083	9.60077
400.853	-3.7644
402.625	-2.13422
404.394	3.01746
406.162	0.0545044
407.931	2.19348
409.701	3.13049
411.468	7.79395
413.236	-2.72186
415.003	6.04144
416.769	0.0457153
418.536	1.63092
420.302	-13.3546
422.069	-0.0369263
423.835	1.17444
425.6	7.34888
427.364	-3.71588
429.129	-8.91907
430.893	8.01404
432.656	4.27661
434.419	14.4009
436.182	13.4132
437.945	12.1048
439.707	11.1822
441.471	15.6057
443.233	9.06763
444.994	-0.599792
446.755	1.98846
448.515	-3.96619
450.276	10.3339
452.036	2.2215
453.795	-1.10547
455.554	-10.3826
457.311	-0.208435
459.07	4.26758
460.828	8.72888
462.586	1.79773
464.343	10.7333
466.101	35.2688
467.857	91.8715
469.614	192.553
471.37	260.221
473.126	245.746
474.881	172.737
476.637	118.927
478.389	88.6173
480.144	96.0536
481.898	104.208
483.652	98.3055
485.405	81.5457
487.159	62.9646
488.909	30.2586
490.662	-0.966736
492.414	23.6231
494.166	20.4453
495.917	19.1767
497.666	24.8342
499.417	25.3405
501.168	4.17609
502.918	21.645
504.665	36.5651
506.415	26.4557
508.164	25.9833
509.911	13.2667
511.659	6.21545
513.407	11.7903
515.155	-6.13458
516.901	12.6041
518.648	4.33344
520.395	10.4139
522.139	9.74713
523.885	-13.5648
525.629	-6.71588
527.374	8.05139
529.12	3.34949
530.862	5.81982
532.607	-3.21497
534.351	7.13672
536.093	-13.3759
537.836	1.20972
539.577	13.6051
541.32	-1.71973
543.06	4.30249
544.803	-9.93726
546.542	18.5963
548.284	17.3618
550.023	29.1027
551.764	45.5267
553.502	47.2205
555.242	53.4763
556.98	78.8704
558.719	91.4155
560.457	117.655
562.195	115.679
563.932	107.248
565.67	123.503
567.406	89.1398
569.143	87.1414
570.878	64.1388
572.613	27.6536
574.35	14.9862
576.084	16.0793
577.82	-1.57776
579.553	-0.281616
581.286	4.66431
583.021	-14.637
584.754	12.473
586.486	-2.28809
588.22	0.370605
589.951	14.0586
591.682	13.2126
593.415	9.00439
595.146	-7.90698
596.876	-4.31067
598.606	2.77319
600.337	14.2366
602.066	6.54395
603.795	23.7917
605.524	27.0569
607.254	40.9611
608.982	73.3644
610.71	102.765
612.437	176.805
614.164	238.392
615.892	272.622
617.618	302.914
619.344	320.508
621.07	353.751
622.795	421.523
624.52	507.257
626.247	556.566
627.971	538.439
629.695	433.059
631.419	309.533
633.142	201.969
634.865	127.67
636.588	105.412
638.31	78.2487
640.032	76.9204
641.753	42.1986
643.475	51.1277
645.196	56.1432
646.917	21.657
648.637	21.7756
650.359	38.1376
652.079	40.3751
653.798	44.3462
655.515	57.5717
657.234	68.5638
658.952	58.5693
660.67	34.6113
662.388	20.2523
664.105	22.3529
665.822	8.63062
666.019	6.90564
667.74	7.56995
669.458	3.93408
671.178	13.2881
672.896	7.12292
674.615	-13.3778
676.333	2.45093
678.051	-8.74548
679.768	-2.44421
681.484	-15.5116
683.202	11.222
684.917	27.3866
686.634	3.80261
688.349	8.39929
690.064	21.5818
691.78	2.1106
693.494	-1.2572
695.207	5.80652
696.922	12.2905
698.635	13.844
700.348	24.3054
702.062	37.342
703.774	24.6016
705.486	22.9937
707.199	31.5736
708.91	15.2588
710.62	10.8618
712.333	14.8724
714.043	-4.6344
715.752	12.2335
717.462	25.0211
719.173	9.05933
720.881	34.2101
722.59	18.4912
724.298	38.5037
726.007	21.5609
727.715	27.452
729.422	43.4946
731.129	31.6569
732.835	34.1329
734.541	23.1328
736.249	31.0145
737.954	15.5265
739.659	33.8934
741.364	46.7651
743.069	42.3822
744.773	42.9528
746.477	51.0929
748.182	49.6097
749.885	59.2355
751.588	56.9788
753.291	71.043
754.993	75.157
756.695	53.963
758.397	38.9196
760.098	48.9618
761.799	41.1078
763.499	39.351
765.2	61.5077
766.9	53.7778
768.599	52.5679
770.299	68.2883
771.998	50.2605
773.696	54.6122
775.395	60.2708
777.093	68.0139
778.791	58.642
780.488	90.2465
782.185	103.429
783.882	87.1958
785.578	88.366
787.274	99.0039
788.97	75.0945
790.666	73.9176
792.359	53.6107
794.054	63.5072
795.748	29.3721
797.443	52.5488
799.137	32.7625
800.83	20.9644
802.523	32.0145
804.214	16.1132
805.907	35.5206
807.599	23.5104
809.291	6.53149
810.983	17.1338
812.674	34.9226
814.363	22.2041
816.054	19.7188
817.745	1.67188
819.435	26.3234
821.122	24.9751
822.812	20.7955
824.501	2.88306
826.19	20.369
827.876	-8.62915
829.565	4.88635
831.253	-6.80322
832.938	13.052
834.625	5.52869
836.312	-13.9979
837.999	4.25037
839.683	15.5552
841.369	12.3446
843.053	15.322
844.738	27.3577
846.423	0.0946045
848.106	17.8905
849.79	13.0575
851.474	13.1267
853.156	-2.89856
854.84	10.5653
856.521	6.45349
858.203	27.9066
859.886	7.32593
861.566	9.25293
863.248	13.8065
864.928	11.2133
866.609	8.75195
868.288	36.5806
869.968	33.6313
871.647	27.2153
873.327	38.7659
875.004	18.8468
876.684	54.9077
878.361	33.2661
880.039	12.4182
881.716	26.1226
883.394	20.1819
885.07	29.088
886.745	17.3282
888.422	24.1902
890.097	6.71497
891.774	16.9557
893.448	14.7664
895.122	-1.83533
896.798	2.52258
898.471	20.827
900.146	-4.76208
901.819	9.39929
903.491	11.2297
905.165	-6.70435
906.837	-1.90918
908.508	-8.66736
910.181	2.98987
911.852	1.56946
913.522	2.39148
915.195	23.0068
916.864	17.9303
918.534	-0.794678
920.203	22.5601
921.874	11.7423
923.543	12.2927
925.211	4.11267
926.879	19.6368
928.549	-1.11096
930.216	11.6403
931.883	5.33972
933.55	11.849
935.216	27.9219
936.884	0.123169
938.55	4.96252
940.216	11.3906
941.881	-6.58008
943.546	-2.62195
945.21	10.0231
946.875	7.85925
948.54	6.26245
950.204	3.94495
951.867	2.88647
953.53	10.2355
955.193	17.7139
956.856	8.60889
958.518	4.22119
960.179	-0.838013
961.841	7.92627
963.502	22.9948
965.163	22.7228
966.823	16.6022
968.484	13.6348
970.144	22.7074
971.803	7.97668
973.463	-2.22095
975.122	13.8595
976.78	18.9307
978.439	6.6842
980.097	16.4276
981.754	30.9808
983.412	35.6971
985.069	48.858
986.726	54.4453
988.382	60.2411
990.039	77.6064
991.695	115.726
993.35	141.491
995.005	190.574
996.659	222.042
998.313	257.876
999.968	231.769
1001.62	195.332
1003.28	181.432
1004.93	138.392
1006.58	105.063
1008.23	82.3772
1009.89	72.0347
1011.54	53.6101
1013.19	14.1367
1014.84	25.5597
1016.49	44.9036
1018.14	30.2816
1019.79	41.022
1021.44	62.6238
1023.09	69.8064
1024.74	109.549
1026.39	146.316
1028.04	207.497
1029.69	219.149
1031.33	295.611
1032.98	382.282
1034.63	466.159
1036.28	533.427
1037.92	605.795
1039.57	639.642
1041.22	570.656
1042.86	457.071
1044.51	329.699
1046.15	230.609
1047.8	136.744
1049.44	111.787
1051.09	80.6238
1052.73	59.8984
1054.37	51.3121
1056.01	27.673
1057.66	17.7239
1059.3	20.9492
1060.94	21.856
1062.59	20.1475
1064.23	22.2228
1065.87	7.15649
1067.51	10.5502
1069.15	9.94458
1070.79	19.7057
1072.43	11.978
1074.07	21.0416
1075.71	12.576
1077.35	-4.51306
1078.98	-12.0481
1080.62	-13.2789
1082.26	5.51379
1083.9	1.83691
1085.54	5.50171
1087.18	10.5089
1088.81	14.0391
1090.45	3.85034
1092.08	13.4296
1093.72	12.0197
1095.35	13.7853
1096.99	18.1974
1098.62	17.4431
1100.26	7.34497
1101.89	27.123
1103.53	21.7811
1105.16	33.1276
1106.79	31.6136
1108.43	14.9167
1110.06	24.7061
1111.69	31.7692
1113.32	48.2875
1114.96	65.7841
1116.59	74.2194
1118.22	89.5284
1119.85	102.376
1121.48	85.3173
1123.11	89.7164
1124.74	98.7697
1126.37	73.0029
1128	53.219
1129.63	53.2546
1131.25	41.097
1132.88	41.2253
1134.51	33.3741
1136.14	37.0657
1137.77	19.1073
1139.39	8.87341
1141.02	1.39636
1142.64	-7.22095
1144.27	-4.15466
1145.9	5.39465
1147.52	3.46436
1149.15	-3.20532
1150.77	2.4447
1152.4	6.48352
1154.02	-2.10376
1155.64	1.25842
1157.27	-8.81055
1158.89	3.04333
1160.51	2.12952
1162.14	1.74463
1163.76	-3.17126
1165.38	-7.90857
1167	7.8761
1168.62	-3.41211
1170.24	-5.54175
1171.86	6.03699
1173.48	8.43713
1175.1	-6.30908
1176.72	-7.49268
1178.34	9.78442
1179.96	5.95447
1181.58	6.81213
1183.2	8.44519
1184.82	5.60156
1186.43	-9.93567
1188.05	-1.79675
1189.67	7.93457
1191.29	4.44739
1192.9	-6.13867
1194.52	-7.76648
1196.13	6.30762
1197.75	9.7019
1199.36	7.58362
1200.98	14.3274
1202.59	3.11938
1204.21	5.85938
1205.82	-4.75964
1207.44	-1.91272
1209.05	-7.13623
1210.66	9.42676
1212.27	6.60132
1213.89	1.62659
1215.5	13.1777
1217.11	12.0989
1218.72	17.8578
1220.33	28.4427
1221.95	24.1935
1223.56	14.7849
1225.17	11.9545
1226.78	14.7123
1228.39	38.032
1230	31.298
1231.6	20.0175
1233.21	34.5908
1234.82	28.7791
1235.39	21.3811
1237	12.2644
1238.61	8.23315
1240.22	6.71643
1241.84	17.8429
1243.45	7.00085
1245.05	-8.46313
1246.66	-4.50317
1248.27	3.7113
1249.88	7.29065
1251.49	2.62634
1253.1	7.96411
1254.7	4.63757
1256.31	4.9032
1257.92	12.5105
1259.53	11.5732
1261.13	0.846558
1262.74	-12.1168
1264.34	3.99207
1265.95	0.446777
1267.55	-15.0615
1269.16	4.1261
1270.76	12.248
1272.37	7.83679
1273.97	22.373
1275.57	28.1213
1277.18	33.7942
1278.78	9.12439
1280.38	29.9069
1281.98	39.4745
1283.59	48.0385
1285.19	68.9
1286.79	64.7894
1288.39	70.0658
1289.99	74.0688
1291.59	45.2025
1293.19	60.4137
1294.79	36.5543
1296.39	28.9296
1297.99	46.3503
1299.59	49.8733
1301.19	35.3854
1302.78	40.9147
1304.38	44.1141
1305.98	41.1469
1307.58	31.6855
1309.18	32.8589
1310.77	33.5162
1312.37	29.3218
1313.96	28.4397
1315.56	32.2797
1317.16	16.0029
1318.75	26.6637
1320.35	16.2847
1321.94	16.1659
1323.54	0.204712
1325.13	8.45313
1326.72	0.382202
1328.32	-6.85168
1329.91	-10.3159
1331.5	-7.87061
1333.09	-5.11816
1334.69	9.797
1336.28	16.859
1337.87	2.99744
1339.46	10.9242
1341.05	14.2745
1342.64	6.21765
1344.23	9.88
1345.82	-0.659058
1347.41	-8.8158
1349	0.636108
1350.59	-3.04114
1352.18	-10.5385
1353.77	17.9969
1355.36	26.9609
1356.94	22.6066
1358.53	32.7753
1360.12	33.6956
1361.71	35.2976
1363.29	22.0342
1364.88	29.8499
1366.46	33.285
1368.05	29.7068
1369.63	2.71936
1371.22	20.0253
1372.8	36.725
1374.39	49.5435
1375.97	43.4919
1377.56	62.1223
1379.14	59.8754
1380.73	72.3247
1382.31	78.932
1383.89	82.2572
1385.47	107.461
1387.05	107.442
1388.64	116.693
1390.22	130.249
1391.8	148.443
1393.38	172.506
1394.96	198.394
1396.54	203.66
1398.12	229.938
1399.7	273.527
1401.28	313.32
1402.86	354.333
1404.44	359.145
1406.02	377.732
1407.59	400.097
1409.17	437.373
1410.75	445.077
1412.33	424.211
1413.9	421.331
1415.48	415.945
1417.06	397.041
1418.63	362.034
1420.21	344.723
1421.78	304.975
1423.36	264.679
1424.93	232.826
1426.51	204.571
1428.08	178.886
1429.66	168.498
1431.23	141.062
1432.8	132.48
1434.38	118.967
1435.95	99.0631
1437.52	100.158
1439.09	74.256
1440.67	73.6112
1442.24	62.7051
1443.81	53.4559
1445.38	45.3201
1446.95	52.7222
1448.52	37.9619
1450.09	27.6458
1451.66	32.4254
1453.23	29.2916
1454.8	19.8938
1456.37	-2.4447
1457.94	1.46216
1459.5	-3.03271
1461.07	1.55762
1462.64	-9.65051
1464.21	0.43811
1465.77	9.85291
1467.34	12.4023
1468.91	9.92554
1470.47	21.2346
1472.04	38.7908
1473.6	52.1964
1475.17	60.6737
1476.73	76.6179
1478.3	92.2133
1479.86	124.111
1481.43	149.3
1482.99	144.304
1484.56	173.677
1486.12	220.454
1487.68	258.511
1489.24	288.295
1490.81	325.158
1492.37	341.97
1493.93	370.951
1495.49	398.595
1497.05	421.247
1498.61	440.865
1500.17	443.939
1501.73	427.865
1503.29	417.475
1504.85	382.277
1506.41	338.865
1507.97	295.167
1509.53	275.683
1511.09	227.011
1512.65	180.425
1514.2	174.552
1515.76	144.818
1517.32	108.746
1518.88	81.2405
1520.43	72.5916
1521.99	60.8137
1523.54	44.287
1525.1	43.51
1526.65	30.0502
1528.21	25.1608
1529.76	22.1692
1531.32	13.1221
1532.87	9.0094
1534.43	4.71936
1535.98	3.31995
1537.53	0.758057
1539.09	-5.94946
1540.64	-6.92737
1542.19	0.881958
1543.75	-4.85461
1545.3	-12.6859
1546.85	-3.96838
1548.4	-1.17468
1549.95	4.35059
1551.5	14.1177
1553.05	3.50537
1554.6	4.75574
1556.15	23.9343
1557.7	15.8676
1559.25	7.30029
1560.8	4.62537
1562.35	1.45837
1563.9	-3.25549
1565.44	13.6292
1566.99	11.405
1568.54	3.44568
1570.09	16.9457
1571.63	19.0819
1573.18	18.708
1574.73	24.2268
1576.27	31.0482
1577.82	23.9197
1579.36	52.7953
1580.91	66.6375
1582.45	92.464
1584	118.669
1585.54	145.649
1587.09	166.143
1588.63	176.299
1590.17	179.771
1591.72	201.063
1593.26	207.606
1594.8	191.901
1596.34	177.76
1597.89	172.311
1599.43	141.159
1600.97	115.836
1602.51	100.554
1604.05	66.9182
1605.59	55.1427
1607.13	47.0938
1608.67	25.2964
1610.21	18.9039
1611.75	20.5934
1613.29	23.2389
1614.83	24.979
1616.37	21.839
1617.9	16.0238
1619.44	40.4723
1620.98	44.4202
1622.52	29.0208
1624.05	53.92
1625.59	61.0725
1627.13	68.0026
1628.66	109.608
1630.2	123.639
1631.73	155.77
1633.27	182.684
1634.8	212.428
1636.34	275.416
1637.87	318.932
1639.41	374.075
1640.94	428.943
1642.47	478.433
1644.01	520.552
1645.54	574.532
1647.07	603.428
1648.61	611.534
1650.14	623.351
1651.67	594.611
1653.2	545.192
1654.73	480.585
1656.26	392.698
1657.79	318.975
1659.32	282.809
1660.85	215.392
1662.38	198.31
1663.91	181.138
1665.44	176.568
1666.97	146.18
1668.5	128.113
1670.03	97.3383
1671.55	84.7906
1673.08	89.0763
1674.61	75.9443
1676.14	61.8634
1677.66	78.6749
1679.19	67.5668
1680.72	64.153
1682.24	71.6292
1683.77	60.8484
1685.29	75.229
1686.82	63.6018
1688.34	66.8463
1689.87	61.9889
1691.39	59.1964
1692.91	37.4095
1694.44	44.527
1695.96	47.2344
1697.48	44.5411
1699.01	46.8037
1700.53	40.0775
1702.05	18.3146
1703.57	-0.409546
1705.1	8.78772
1706.62	19.9258
1708.14	-0.130615
1709.66	-8.02026
1711.18	-7.7948
1712.7	16.6783
1714.22	18.7255
1715.74	14.8611
1717.26	14.7473
1718.78	7.65576
1720.3	2.92786
1721.81	-15.4086
1723.33	16.1157
1724.85	-2.07141
1726.37	-7.02319
1727.89	3.16809
1729.4	-0.376343
1730.92	-3.57617
1732.44	2.53296
1733.95	13.2676
1735.47	-3.25305
1736.98	11.1918
1738.5	1.13684
1740.01	1.70093
1741.53	6.7041
1743.04	1.72192
1744.56	-9.91833
1746.07	11.7457
1747.58	0.199341
1749.1	-7.32996
1750.61	-5.79089
1752.12	-0.729492
1753.64	-6.78809
1755.15	13.4626
1756.66	12.5149
1758.17	-6.98291
1759.68	8.73804
1761.19	-0.933594
1762.71	1.45154
1764.22	15.8895
1765.73	-0.656006
1767.24	28.4438
1768.67	7.3916
1770.19	15.6769
1771.7	-4.89832
1773.21	6.06628
1774.72	-7.23669
1776.23	-18.2981
1777.74	6.0177
1779.25	7.84705
1780.76	3.32056
1782.27	9.81519
1783.78	7.22192
1785.29	11.9635
1786.8	13.3671
1788.31	9.25659
1789.82	6.5531
1791.33	2.98523
1792.84	12.1676
1794.34	-11.1892
1795.85	-0.559326
1797.36	-3.72778
1798.86	11.5205
1800.37	-1.75
1801.88	2.01843
1803.38	8.18164
1804.89	11.8429
1806.39	6.91846
1807.9	18.4785
1809.4	0.0908203
1810.91	-1.8407
1812.41	14.1178
1813.92	6.83423
1815.42	19.9031
1816.92	8.54358
1818.43	0.0142822
1819.93	34.229
1821.43	32.8265
1822.93	14.5665
1824.44	-0.331543
1825.94	6.92383
1827.44	14.6482
1828.94	15.9124
1830.44	7.19592
1831.94	4.45752
1833.44	0.575562
1834.94	3.56628
1836.44	-5.61523
1837.94	28.3342
1839.44	2.11487
1840.94	10.9093
1842.44	14.3654
1843.94	32.3719
1845.44	6.46985
1846.93	13.1665
1848.43	6.2616
1849.93	17.2114
1851.43	3.20166
1852.92	13.4125
1854.42	1.48169
1855.92	-2.61169
1857.41	17.6454
1858.91	5.74194
1860.4	2.19275
1861.9	2.54077
1863.39	13.8112
1864.89	-17.1123
1866.38	-8.06421
1867.88	11.7603
1869.37	9.14514
1870.86	1.84351
1872.36	3.39099
1873.85	4.42603
1875.34	-7.42004
1876.83	8.0813
1878.33	-8.49915
1879.82	21.119
1881.31	26.4491
1882.8	9.48535
1884.29	-10.2799
1885.78	26.7471
1887.27	12.2509
1888.76	5.19983
1890.25	20.0912
1891.74	12.1345
1893.23	4.50806
1894.72	9.38635
1896.21	4.54077
1897.7	6.46411
1899.18	2.25342
1900.67	-8.65894
1902.16	-2.90503
1903.65	-13.5093
1905.13	11.392
1906.62	1.14185
1908.11	6.69165
1909.59	2.90454
1911.08	2.80054
1912.56	-12.2399
1914.05	-7.36194
1915.53	2.39685
1917.02	10.0717
1918.5	10.7023
1919.99	-0.958862
1921.47	-0.448975
1922.96	18.7047
1924.44	16.7128
1925.92	20.1274
1927.41	14.8311
1928.89	16.892
1930.37	27.1554
1931.85	16.9097
1933.33	6.72974
1934.82	23.33
1936.3	17.7793
1937.78	12.13
1939.26	9.97937
1940.74	-1.00317
1942.22	5.7052
1943.7	10.8636
1945.18	1.25964
1946.66	-5.56653
1948.14	-2.47974
1949.62	11.9611
1951.09	7.04016
1952.57	-7.15381
1954.05	4.3291
1955.53	13.4891
1957.01	-0.242798
1958.48	10.4371
1959.96	18.6177
1961.44	21.7494
1962.91	15.7194
1964.39	17.7227
1965.86	4.85437
1967.34	20.6578
1968.81	4.48938
1970.29	7.828
1971.76	2.99292
1973.24	4.08105
1974.71	5.55029
1976.19	13.5579
1977.66	11.5541
1979.13	-5.02905
1980.61	4.34973
1982.08	10.9344
1983.55	-2.87378
1985.02	4.98059
1986.5	3.41797
1987.97	14.3445
1989.44	11.4497
1990.91	4.99402
1992.38	10.4562
1993.85	12.1899
1995.32	6.78284
1996.79	9.96851
1998.26	2.12622
1999.73	-0.595947
2001.2	9.7334
2002.67	1.50903
2004.14	20.3605
2005.61	8.27222
2007.07	19.3416
2008.54	9.57849
2010.01	-7.69934
2011.48	6.43445
2012.94	16.4142
2014.41	0.368042
2015.88	7.39685
2017.34	12.2603
2018.81	19.3076
2020.27	-2.12561
2021.74	-3.56519
2023.21	6.77905
2024.67	12.1932
2026.13	-0.665771
2027.6	4.28784
2029.06	-4.1554
2030.53	-18.9803
2031.99	-1.80566
2033.45	25.7688
2034.91	1.50024
2036.38	-5.65479
2037.84	-2.02649
2039.3	14.3701
2040.77	7.47583
2042.23	15.8899
2043.69	24.7803
2045.15	6.39514
2046.61	3.4491
2048.07	8.896
2049.53	11.4518
2050.99	19.2531
2052.45	5.48755
2053.91	8.17126
2055.37	12.0747
2056.83	16.0308
2058.29	5.72766
2059.74	4.01062
2061.2	12.2607
2062.66	6.12524
2064.12	3.17029
2065.57	-0.61731
2067.03	-1.47034
2068.49	6.69189
2069.95	-1.44763
2071.4	6.72327
2072.86	6.60095
2074.31	11.0062
2075.77	9.57715
2077.22	3.20764
2078.68	8.02527
2080.13	14.881
2081.59	14.9534
2083.04	7.55322
2084.49	15.7681
2085.95	12.9845
2087.4	6.17908
2088.85	13.5466
2090.31	18.4426
2091.76	3.58826
2093.21	-7.10107
2094.66	-2.83105
2096.11	15.6561
2097.57	-4.47815
2099.02	1.60181
2100.47	-3.26013
2101.92	-2.96594
2103.37	2.18262
2104.82	1.48193
2106.27	12.6039
2107.72	16.3497
2109.17	11.7749
2110.62	0.352783
2112.07	-1.12476
2113.51	9.92737
2114.96	3.88208
2116.41	13.6747
2117.86	13.6969
2119.31	13.4772
2120.75	5.49963
2122.2	12.1763
2123.65	15.636
2125.09	16.1051
2126.54	10.0032
2127.98	11.5103
2129.43	9.54846
2130.88	2.35474
2132.32	8.96582
2133.76	10.9954
2135.21	13.7922
2136.65	19.1238
2138.1	23.5684
2139.54	27.5004
2140.98	21.9479
2142.43	21.1967
2143.87	13.0776
2145.31	16.9346
2146.75	11.6074
2148.2	9.6355
2149.64	14.8306
2151.08	17.0947
2152.52	23.3735
2153.96	18.3352
2155.4	18.1465
2156.84	15.2915
2158.28	19.5265
2159.72	25.3561
2161.16	24.9788
2162.6	28.4323
2164.04	33.363
2165.48	16.032
2166.92	13.1217
2168.36	27.8016
2169.8	20.1641
2171.23	11.2329
2172.67	14.8162
2174.11	15.2474
2175.55	13.6748
2176.98	24.712
2178.42	31.2485
2179.86	30.2306
2181.29	16.327
2182.73	14.6145
2184.16	23.6892
2185.6	36.0356
2187.03	39.7694
2188.47	31.5718
2189.9	19.5612
2191.34	23.3374
2192.77	20.1716
2194.2	26.7913
2195.64	38.9904
2197.07	28.3657
2198.5	26.0287
2199.94	24.2346
2201.37	14.2112
2202.8	30.7296
2204.23	27.2603
2205.66	21.7482
2207.09	32.601
2208.53	32.1217
2209.96	25.3861
2211.39	22.8881
2212.82	33.403
2214.25	32.7402
2215.68	25.9066
2217.11	26.3361
2218.53	36.2539
2219.96	31.7675
2221.39	27.8733
2222.82	19.9617
2224.25	22.0375
2225.68	29.83
2227.1	19.5789
2228.53	14.0012
2229.96	12.748
2231.39	16.3206
2232.81	27.3781
2234.24	11.4697
2235.66	4.00208
2237.09	23.0465
2238.52	31.0649
2239.94	33.5143
2241.37	12.9216
2242.79	5.49609
2244.21	20.601
2245.64	11.125
2247.06	1.56055
2248.49	12.8455
2249.91	16.2006
2251.33	16.1967
2252.76	13.5842
2254.18	17.2002
2255.6	12.8773
2257.02	5.49841
2258.45	0.238647
2259.87	-8.71631
2261.29	-3.61292
2262.71	-0.168701
2264.13	0.65564
2265.55	24.1996
2266.97	22.0237
2267.86	12.9242
2269.28	26.4554
2270.7	19.1057
2272.13	11.3608
2273.55	19.5511
2274.97	10.7343
2276.39	9.14185
2277.81	22.3082
2279.23	19.3651
2280.65	20.7445
2282.07	7.71472
2283.49	11.0302
2284.91	6.5658
2286.33	8.41174
2287.75	8.03662
2289.17	1.20386
2290.59	2.81274
2292.01	-2.40808
2293.43	1.21252
2294.84	23.8826
2296.26	-7.36047
2297.68	12.5143
2299.1	20.5826
2300.51	26.2816
2301.93	24.4777
2303.35	26.887
2304.76	19.936
2306.18	6.88733
2307.59	18.9629
2309.01	8.02441
2310.42	24.5574
2311.84	3.14172
2313.25	14.4973
2314.67	5.28296
2316.08	13.6273
2317.5	20.0161
2318.91	17.4144
2320.32	6.92639
2321.74	6.0918
2323.15	9.29675
2324.56	15.106
2325.97	19.8658
2327.39	24.3849
2328.8	-1.93384
2330.21	11.5973
2331.62	7.56055
2333.03	17.6907
2334.44	7.17078
2335.85	-5.17529
2337.26	20.0685
2338.67	10.7078
2340.08	-7.81165
2341.49	-0.996826
2342.9	6.96204
2344.31	-1.3783
2345.72	-2.15198
2347.13	7.05847
2348.53	-0.380371
2349.94	8.82471
2351.35	14.2787
2352.76	19.89
2354.16	-0.998169
2355.57	4.7019
2356.98	18.8579
2358.39	-3.88647
2359.79	11.5831
2361.2	2.51611
2362.6	-1.29224
2364.01	-1.17773
2365.41	-3.94861
2366.82	7.77539
2368.22	5.58789
2369.63	9.84119
2371.03	5.74292
2372.43	8.65393
2373.84	8.89612
2375.24	0.878174
2376.65	-0.431641
2378.05	3.09497
2379.45	-3.73145
2380.85	9.35571
2382.25	3.95105
2383.66	10.2988
2385.06	-8.85291
2386.46	-15.4675
2387.86	6.57703
2389.26	0.489624
2390.66	10.6732
2392.06	-16.6079
2393.46	8.05762
2394.86	12.2202
2396.26	23.0883
2397.66	5.68628
2399.06	5.08899
2400.46	17.1036
2401.86	4.54639
2403.26	-8.19507
2404.65	12.8634
2406.05	-5.04578
2407.45	13.6754
2408.85	-7.70996
2410.24	7.15649
2411.64	10.5626
2413.04	-3.17786
2414.43	8.24036
2415.83	6.65527
2417.23	0.611938
2418.62	11.4796
2420.02	4.7948
2421.41	-0.907715
2422.81	8.86462
2424.2	-1.01379
2425.59	4.41577
2426.99	22.0911
2428.38	8.4751
2429.78	9.01001
2431.17	-3.15881
2432.56	14.9468
2433.95	2.35376
2435.35	22.3248
2436.74	22.0322
2438.13	18.6899
2439.52	26.3939
2440.91	19.059
2442.31	19.0327
2443.7	-0.685913
2445.09	22.9518
2446.48	18.9154
2447.87	11.6879
2449.26	18.8005
2450.65	22.0197
2452.04	15.9086
2453.43	14.4053
2454.82	15.421
2456.2	17.2395
2457.59	16.8591
2458.98	0.426392
2460.37	-0.414185
2461.76	6.08496
2463.14	10.2344
2464.53	-12.3947
2465.92	6.62854
2467.31	2.57397
2468.69	22.4542
2470.08	10.6747
2471.46	7.40295
2472.85	7.56067
2474.23	5.47083
2475.62	20.4382
2477	7.9021
2478.39	3.24182
2479.77	15.3385
2481.16	11.6433
2482.54	3.43958
2483.93	3.91272
2485.31	10.9337
2486.69	10.0015
2488.08	10.0903
2489.46	11.5957
2490.84	3.97595
2492.22	6.32867
2493.6	6.54877
2494.99	-4.42072
2496.37	16.7242
2497.75	0.85614
2499.13	1.54218
2500.51	-3.47839
2501.89	0.11969
2503.27	-4.21411
2504.65	-0.396606
2506.03	1.29559
2507.41	6.50732
2508.79	0.0944824
2510.17	-5.3606
2511.55	4.56256
2512.93	12.2963
2514.3	8.26636
2515.68	14.6503
2517.06	2.40131
2518.44	4.94843
2519.82	14.0429
2521.19	27.3053
2522.57	17.0341
2523.95	-5.84924
2525.32	8.86279
2526.7	4.90192
2528.07	10.1614
2529.45	11.9442
2530.82	6.05524
2532.2	-6.71875
2533.57	10.1677
2534.95	12.8379
2536.32	14.0784
2537.7	10.1859
2539.07	8.08514
2540.44	5.85419
2541.82	12.2159
2543.19	11.3896
2544.56	18.014
2545.94	8.03064
2547.31	-7.02094
2548.68	3.71765
2550.05	1.5943
2551.42	3.50262
2552.8	1.85175
2554.17	-4.99799
2555.54	-9.12671
2556.91	2.65814
2558.28	3.68842
2559.65	9.46863
2561.02	4.25183
2562.39	5.83752
2563.76	13.5769
2565.13	3.9101
2566.5	2.59387
2567.86	-0.936401
2569.23	-0.293091
2570.6	1.94788
2571.97	-4.83856
2573.34	-5.56641
2574.7	10.3455
2576.07	14.3192
2577.44	9.05457
2578.8	14.1216
2580.17	1.03125
2581.54	-4.23608
2582.9	-5.36914
2584.27	-4.86963
2585.63	7.24976
2587	6.42023
2588.36	2.81586
2589.73	7.11902
2591.09	7.41479
2592.46	-5.22961
2593.82	0.969238
2595.19	0.159485
2596.55	-3.70752
2597.91	-1.10083
2599.27	9.66101
2600.64	-2.58167
2602	-4.9115
2603.36	12.2911
2604.72	20.2778
2606.09	7.07654
2607.45	-9.30023
2608.81	1.94989
2610.17	7.02612
2611.53	-3.64819
2612.89	3.99231
2614.25	13.2881
2615.61	2.19702
2616.97	4.54059
2618.33	16.9394
2619.69	14.5797
2621.05	10.6641
2622.41	7.05914
2623.77	7.70142
2625.13	15.0883
2626.48	4.56451
2627.84	11.9019
2629.2	16.7107
2630.56	8.61298
2631.91	4.50458
2633.27	8.56598
2634.63	17.4302
2635.98	6.56012
2637.34	5.13818
2638.7	19.9387
2640.05	10.9427
2641.41	7.57312
2642.76	11.4909
2644.12	7.56665
2645.47	-2.30292
2646.83	6.71625
2648.18	-3.1889
2649.54	0.79071
2650.89	3.83618
2652.24	1.4765
2653.6	10.0281
2654.95	9.01611
2656.3	6.78534
2657.65	10.7615
2659.01	10.1158
2660.36	-0.44104
2661.71	3.68835
2663.06	0.612732
2664.41	-0.404175
2665.77	10.309
2667.12	9.33887
2668.47	9.6665
2669.82	12.9493
2671.17	3.52161
2672.52	-1.34973
2673.87	9.1416
2675.22	3.0575
2676.56	-4.47162
2677.91	4.22736
2679.26	6.87915
2680.61	2.38336
2681.96	-5.60193
2683.31	1.23029
2684.66	-7.43341
2686	-1.12128
2687.35	8.37219
2688.7	4.44427
2690.04	-6.07831
2691.39	-2.19153
2692.74	10.3549
2694.08	7.82361
2695.43	5.44342
2696.77	1.11505
2698.12	3.46295
2699.46	9.96545
2700.81	1.73932
2702.16	-2.96075
2703.5	-2.89014
2704.84	5.0943
2706.19	9.88989
2707.53	2.3479
2708.87	3.16589
2710.22	-4.58197
2711.56	-3.07129
2712.9	0.698242
2714.25	-0.303711
2715.59	5.62701
2716.93	6.9433
2718.27	-1.6181
2719.61	-9.6817
2720.95	-1.69489
2722.3	8.91571
2723.64	3.19159
2724.98	-1.65302
2726.32	6.84448
2727.66	1.68701
2729	-2.94244
2730.34	5.0957
2731.68	3.27838
2733.02	-2.70209
2734.35	-5.26086
2735.69	0.635498
2736.38	9.68811
2737.72	6.19312
2739.06	-3.75494
2740.4	-5.58063
2741.74	-1.34949
2743.08	5.59076
2744.42	6.07556
2745.76	19.8768
2747.1	0.87561
2748.44	17.456
2749.78	7.23285
2751.12	11.0858
2752.45	18.7125
2753.79	14.2966
2755.13	4.39331
2756.47	-0.420166
2757.81	15.9761
2759.14	11.567
2760.48	0.257935
2761.82	3.83704
2763.15	16.4141
2764.49	6.65436
2765.83	16.864
2767.16	26.8069
2768.5	16.7455
2769.83	4.72205
2771.17	20.5444
2772.5	22.5128
2773.84	23.9517
2775.17	14.5378
2776.51	17.0364
2777.84	29.1141
2779.17	23.9282
2780.51	28.9058
2781.84	8.69171
2783.17	24.707
2784.5	34.7469
2785.84	32.2061
2787.17	21.1263
2788.5	21.825
2789.83	15.2064
2791.16	17.3658
2792.5	9.64227
2793.83	22.8308
2795.16	19.6288
2796.49	33.4307
2797.82	28.085
2799.15	22.8084
2800.48	30.1683
2801.81	21.9145
2803.14	29.9576
2804.47	16.0012
2805.79	20.9161
2807.12	26.3251
2808.45	37.1147
2809.78	19.5099
2811.11	35.066
2812.44	29.9952
2813.76	21.7089
2815.09	31.7608
2816.42	21.6061
2817.74	29.3705
2819.07	19.8751
2820.4	2.66241
2821.72	31.5439
2823.05	30.3203
2824.38	25.4897
2825.7	19.4493
2827.03	11.0657
2828.35	14.1489
2829.67	17.2853
2831	11.3922
2832.32	0.674377
2833.65	12.8892
2834.97	4.08862
2836.3	0.164734
2837.62	23.1593
2838.94	8.6933
2840.26	3.31927
2841.59	9.5874
2842.91	21.491
2844.23	8.0271
2845.55	20.8163
2846.88	24.1913
2848.2	-1.60468
2849.52	17.1868
2850.84	12.0483
2852.16	10.5687
2853.48	-7.90527
2854.8	6.06598
2856.12	13.9987
2857.44	18.0961
2858.76	-0.402039
2860.08	0.848633
2861.4	-3.58881
2862.72	-6.29791
2864.03	-0.0511475
2865.35	-4.93835
2866.67	6.81476
2867.99	5.15179
2869.31	1.4549
2870.63	3.59375
2871.94	1.33795
2873.26	0.843567
2874.58	-3.31458
2875.89	20.4064
2877.21	19.6641
2878.52	5.88446
2879.84	6.42346
2881.16	5.59338
2882.47	1.15094
2883.79	6.56323
2885.1	9.63281
2886.42	-0.864075
2887.73	-2.35284
2889.05	12.5556
2890.36	7.89862
2891.67	-1.17316
2892.99	2.64813
2894.3	-1.91339
2895.61	-6.02203
2896.93	-6.57544
2898.24	4.71423
2899.55	8.43286
2900.86	2.80603
2902.18	-4.88287
2903.49	10.0242
2904.8	4.09357
2906.11	5.08942
2907.42	3.44122
2908.73	-6.76172
2910.04	-1.78375
2911.35	-10.5083
2912.66	4.88287
2913.97	20.9461
2915.28	11.0305
2916.59	6.54535
2917.9	5.3103
2919.21	5.88586
2920.52	3.47314
2921.83	1.24188
2923.13	-3.6778
2924.44	3.83649
2925.75	14.7175
2927.06	10.1305
2928.37	8.61646
2929.67	-3.36206
2930.98	1.63885
2932.29	-8.42084
2933.59	1.51294
2934.9	-6.30609
2936.2	0.401001
2937.51	14.0136
2938.82	15.2313
2940.12	9.67145
2941.43	10.1282
2942.73	9.80743
2944.04	-2.80127
2945.34	9.53308
2946.64	9.61353
2947.95	3.71637
2949.25	3.30487
2950.55	-6.09839
2951.86	3.62891
2953.16	-1.57495
2954.46	2.90442
2955.77	5.51086
2957.07	-0.0576172
2958.37	2.04865
2959.67	7.77911
2960.97	-1.48267
2962.28	-2.52948
2963.58	7.05841
2964.88	-1.41577
2966.18	-8.4809
2967.48	1.41077
2968.78	4.87177
2970.08	5.05652
2971.38	13.6289
2972.68	8.19019
2973.98	3.10309
2975.28	7.91479
2976.58	6.99835
2977.87	6.7038
2979.17	16.097
2980.47	24.5164
2981.77	23.3256
2983.07	15.7092
2984.36	21.6896
2985.66	14.9471
2986.96	1.27472
2988.26	12.8864
2989.55	26.4101
2990.85	7.64209
2992.15	11.7147
2993.44	13.3433
2994.74	14.453
2996.03	14.4982
2997.33	17.7271
2998.62	22.5803
2999.92	18.5592
3001.21	23.9837
3002.51	17.7197
3003.8	11.322
3005.1	10.7766
3006.39	8.48645
3007.68	14.7672
3008.98	14.1974
3010.27	11.3422
3011.56	20.2604
3012.85	21.9318
3014.15	14.773
3015.44	21.6876
3016.73	29.2133
3018.02	29.8005
3019.31	29.3629
3020.6	24.8912
3021.89	31.9257
3023.18	16.7924
3024.48	10.4821
3025.77	19.0209
3027.06	17.3484
3028.35	24.6605
3029.64	28.7308
3030.92	14.5594
3032.21	10.3019
3033.5	15.8553
3034.79	15.6097
3036.08	12.4932
3037.37	8.29376
3038.66	12.8794
3039.94	20.2803
3041.23	16.2448
3042.52	4.21637
3043.81	10.489
3045.09	13.6241
3046.38	12.1109
3047.67	16.4908
3048.95	14.6359
3050.24	8.82758
3051.53	13.7542
3052.81	10.5146
3054.1	6.21216
3055.38	7.79626
3056.67	2.77222
3057.95	5.33978
3059.24	2.38562
3060.52	3.96008
3061.8	-1.86676
3063.09	-8.62604
3064.37	-0.367615
3065.65	4.90045
3066.94	2.11053
3068.22	1.52698
3069.5	6.58722
3070.79	5.54211
3072.07	2.51453
3073.35	13.3281
3074.63	12.859
3075.91	-0.948364
3077.19	-1.70245
3078.48	3.69623
3079.76	1.31287
3081.04	5.55267
3082.32	5.26624
3083.6	5.98181
3084.88	0.982727
3086.16	5.47308
3087.44	-1.99884
3088.72	-7.62878
3090	-3.5025
3091.27	1.4718
3092.55	4.13287
3093.83	1.68677
3095.11	-0.70575
3096.39	2.30255
3097.67	12.2711
3098.94	11.7532
3100.22	5.20044
3101.5	4.94604
3102.77	5.40027
3104.05	4.98871
3105.33	6.8623
3106.6	5.71271
3107.88	7.0451
3109.16	5.31427
3110.43	2.52844
3111.71	5.55194
3112.98	6.98871
3114.26	-0.230774
3115.53	6.70886
3116.81	0.877502
3118.08	4.85681
3119.35	4.97131
3120.63	1.76318
3121.9	11.0383
3123.18	6.99249
3124.45	4.09473
3125.72	4.39532
3126.99	5.24066
3128.26	-7.29431
3129.54	-1.48334
3130.81	5.20422
3132.08	4.46057
3133.35	6.11102
3134.63	8.41089
3135.9	-3.34229
3137.17	3.8338
3138.44	12.8872
3139.71	17.2056
3140.98	13.0258
3142.25	13.3298
3143.52	8.49432
3144.79	7.40692
3146.06	6.13794
3147.33	10.9797
3148.59	14.1567
3149.86	4.39545
3151.13	5.5246
3152.4	20.1501
3153.67	14.8947
3154.94	11.8926
3156.2	15.4756
3157.47	5.97565
3158.74	4.45496
3160.01	13.5963
3161.27	10.5156
3162.54	-3.52551
3163.8	9.75439
3165.07	14.753
3166.34	11.0447
3167.6	-0.551392
3168.87	6.76459
3170.13	15.6608
3171.4	10.9968
3172.66	8.07635
3173.93	3.62714
3175.19	12.0076
3176.46	18.8106
3177.72	16.9459
3178.98	15.5897
3179.83	18.699
3181.09	13.9238
3182.36	4.99536
3183.62	-4.46259
3184.89	9.34442
3186.15	13.6487
3187.42	14.14
3188.68	11.4839
3189.95	16.2612
3191.21	11.9982
3192.47	15.8072
3193.74	21.08
3195	5.07648
3196.26	13.8477
3197.53	8.2536
3198.79	4.46967
3200.05	10.1025
3201.32	5.88525
3202.58	5.75525
3203.84	5.10327
3205.1	5.25513
3206.36	-2.28821
3207.62	-4.97351
3208.89	-0.425232
3210.15	6.25385
3211.41	-1.95074
3212.67	-0.366333
3213.93	-1.42126
3215.19	0.807312
3216.45	0.220032
3217.71	1.61438
3218.97	6.2135
3220.23	10.0434
3221.48	8.63446
3222.74	8.91565
3224	15.3281
3225.26	6.89978
3226.52	12.8356
3227.77	5.12177
3229.03	6.90778
3230.29	3.6723
3231.55	6.83167
3232.8	7.44226
3234.06	4.36359
3235.32	6.36334
3236.57	8.94269
3237.83	17.7161
3239.09	12.8203
3240.34	10.3795
3241.6	2.19012
3242.85	-0.707458
3244.11	12.2531
3245.36	-0.131042
3246.62	2.36774
3247.87	0.160095
3249.12	-8.45526
3250.38	-5.37006
3251.63	-2.71063
3252.89	3.14038
3254.14	10.5391
3255.39	10.0459
3256.64	13.024
3257.9	-1.07648
3259.15	4.64343
3260.4	-1.42303
3261.65	-0.414307
3262.91	17.8286
3264.16	21.1329
3265.41	14.9421
3266.66	12.9387
3267.91	12.481
3269.16	19.8307
3270.41	5.37592
3271.66	14.3302
3272.91	8.83154
3274.16	11.8149
3275.41	6.84729
3276.66	6.53534
3277.91	-0.612366
3279.16	16.8125
3280.41	7.59741
3281.66	5.38806
3282.9	0.796326
3284.15	-1.73419
3285.4	2.81219
3286.65	2.6203
3287.89	1.70129
3289.14	-8.58246
3290.39	-0.150818
3291.64	3.01031
3292.88	7.0896
3294.13	6.80988
3295.38	1.92755
3296.62	11.1229
3297.87	1.90643
3299.11	2.35742
3300.36	10.7299
3301.6	7.72095
3302.85	6.47021
3304.09	4.96014
3305.34	3.05249
3306.58	6.55579
3307.83	8.52344
3309.07	1.13141
3310.31	6.00598
3311.56	-0.608643
3312.8	16.5204
3314.04	5.21991
3315.29	-0.177917
3316.53	-0.165283
3317.77	8.02893
3319.01	13.2584
3320.25	22.3441
3321.49	16.706
3322.74	11.2969
3323.98	9.03381
3325.22	4.59363
3326.46	5.02661
3327.7	-2.50977
3328.94	-1.47241
3330.18	-1.88855
3331.42	13.6919
3332.66	7.77216
3333.9	8.97559
3335.14	14.2167
3336.38	9.42975
3337.62	2.57861
3338.86	2.94653
3340.1	2.77094
3341.33	7.81415
3342.57	-6.91559
3343.81	-10.2543
3345.05	7.68219
3346.28	4.45618
3347.52	-1.95184
3348.76	-0.203247
3350	5.29065
3351.23	0.748718
3352.47	3.12329
3353.71	13.8446
3354.94	8.20197
3356.18	12.3209
3357.41	8.995
3358.65	-0.471558
3359.88	2.46246
3361.12	13.0828
3362.35	9.87628
3363.59	-0.63855
3364.82	2.32751
3366.05	8.34686
3367.29	8.65369
3368.52	-0.683899
3369.76	0.512146
3370.99	-3.37781
3372.22	8.76166
3373.46	8.71228
3374.69	-2.69293
3375.92	-1.24255
3377.15	-0.775574
3378.38	0.604187
3379.62	0.88269
3380.85	0.450928
3382.08	-2.07605
3383.31	2.57379
3384.54	2.99988
3385.77	0.209412
3387	4.38715
3388.23	5.25848
3389.46	6.43097
3390.69	-0.671387
3391.92	-2.29919
3393.15	4.00458
3394.38	-5.62921
3395.61	0.0421753
3396.84	-2.87903
3398.07	2.93018
3399.3	2.79663
3400.52	6.80341
3401.75	6.75983
3402.98	-0.854431
3404.21	2.46252
3405.44	-2.85266
3406.66	0.0621338
3407.89	-3.07495
3409.12	3.05615
3410.34	0.779114
3411.57	0.309448
3412.79	-0.704407
3414.02	0.379822
3415.25	-1.3573
3416.47	7.30737
3417.7	3.70862
3418.92	4.17078
3420.15	0.0654907
3421.37	-2.00861
3422.6	0.253174
3423.82	1.14972
3425.04	6.1532
3426.27	6.7782
3427.49	11.7432
3428.72	12.3064
3429.94	8.5343
3431.16	13.099
3432.38	6.9248
3433.61	7.51654
3434.83	4.11304
3436.05	3.95325
3437.27	4.47217
3438.5	-4.45422
3439.72	0.739746
3440.94	9.35992
3442.16	14.2695
3443.38	8.5636
3444.6	10.3433
3445.82	8.37207
3447.04	11.0957
3448.26	10.2285
3449.48	8.97272
3450.7	2.83997
3451.92	-0.644836
3453.14	-4.57581
3454.36	0.697021
3455.58	-0.811157
3456.8	1.33105
3458.01	2.53601
3459.23	0.910034
3460.45	6.77814
3461.67	7.12805
3462.89	6.21027
3464.1	2.4516
3465.32	5.56732
3466.54	5.20221
3467.75	1.40643
3468.97	4.62506
3470.19	2.61487
3471.4	-1.86566
3472.62	-3.11908
3473.83	-3.19025
3475.05	-2.60193
3476.27	2.66748
3477.48	9.10358
3478.7	4.88965
3479.91	5.82446
3481.13	4.79303
3482.34	10.0683
3483.55	3.88342
3484.77	3.92529
3485.98	4.78455
3487.19	6.52753
3488.41	8.68329
3489.62	9.03296
3490.83	1.47931
3492.05	11.8712
3493.26	10.2809
3494.47	14.0392
3495.68	8.39471
3496.89	10.9482
3498.11	10.987
3499.32	8.34076
3500.53	6.1441
3501.74	0.773315
3502.95	1.24426
3504.16	13.9764
3505.37	6.60553
3506.58	5.53033
3507.79	7.52606
3509	3.51917
3510.21	13.6824
3511.42	7.95874
3512.63	1.28375
3513.84	3.77216
3515.05	-1.66455
3516.26	-6.05273
3517.46	-1.44037
3518.67	8.401
3519.88	-1.6236
3521.09	-1.51154
3522.3	4.26678
3523.5	5.46344
3524.71	-0.798706
3525.92	6.8244
3527.12	-7.55005
3528.33	-4.49365
3529.54	0.946533
3530.74	-0.125366
3531.95	3.88086
3533.15	7.92053
3534.36	7.43475
3535.57	8.53528
3536.77	6.50165
3537.97	1.7713
3539.18	2.75659
3540.38	-1.4057
3541.59	-1.10693
3542.79	3.28021
3544	4.47498
3545.2	5.68658
3546.4	7.02014
3547.61	10.1086
3548.81	3.08783
3550.01	-5.99927
3551.21	-3.7124
3552.42	2.58167
3553.62	8.48792
3554.82	8.52728
3556.02	9.76447
3557.22	6.18317
3558.43	11.3057
3559.63	8.0871
3560.83	-0.989502
3562.03	13.1443
3563.23	2.91846
3564.43	-4.17657
3565.63	0.722717
3566.83	6.22217
3568.03	10.5696
3569.23	-2.14624
3570.43	2.05347
3571.63	4.1156
3572.83	1.81177
3574.02	-3.29364
3575.22	7.58112
3576.42	5.88385
3577.62	4.15765
3578.82	-0.564026
3580.02	-0.310364
3581.21	-0.839844
3582.41	-4.13196
3583.61	9.95789
3584.8	0.215149
3586	1.00989
3587.2	2.96918
3588.4	8.34436
3589.59	-7.1474
3590.79	-4.77441
3591.98	7.56622
3593.18	7.13513
3594.37	-8.90417
3595.57	-5.02649
3596.76	7.26685
3597.81	9.38379
3599.01	-1.56396
3600.21	1.28937
3601.4	-0.211182
3602.6	1.24341
3603.8	-3.95673
3604.99	1.97418
3606.19	-0.335083
3607.38	-2.87201
3608.58	12.0012
3609.77	5.81427
3610.97	2.19287
3612.16	3.71674
3613.36	13.0724
3614.55	20.6714
3615.75	11.9838
3616.94	3.21588
3618.13	11.1974
3619.33	7.24542
3620.52	10.1339
3621.71	8.06696
3622.91	-0.505829
3624.1	3.11502
3625.29	9.09784
3626.48	5.07108
3627.68	10.4532
3628.87	8.03302
3630.06	9.30078
3631.25	4.57343
3632.44	5.52881
3633.63	2.15451
3634.82	-3.06689
3636.02	3.62503
3637.21	5.40054
3638.4	7.05777
3639.59	3.02225
3640.78	9.78757
3641.97	5.12912
3643.16	2.56168
3644.34	-2.31149
3645.53	2.12231
3646.72	-4.3244
3647.91	-2.09601
3649.1	-4.52274
3650.29	11.1342
3651.48	7.72647
3652.67	-4.38995
3653.85	10.0555
3655.04	7.19141
3656.23	-2.62137
3657.42	4.12009
3658.6	1.22549
3659.79	5.86993
3660.97	-5.91794
3662.16	5.62646
3663.35	-7.76263
3664.53	-0.585785
3665.72	4.03906
3666.9	0.649841
3668.09	1.17108
3669.28	9.51886
3670.46	5.3414
3671.65	2.98563
3672.83	8.8457
3674.01	6.96225
3675.2	7.7338
3676.38	14.4173
3677.57	4.16263
3678.75	-1.1561
3679.93	-7.13071
3681.12	-4.87057
3682.3	5.94943
3683.48	1.34976
3684.67	3.94693
3685.85	-4.82996
3687.03	0.559479
3688.21	-2.91696
3689.39	-1.33148
3690.58	2.86322
3691.76	-1.0022
3692.94	1.20633
3694.12	-1.47589
3695.3	-0.355621
3696.48	-2.94382
3697.66	0.508575
3698.84	6.17459
3699.19	15.638
